[38;2;34;40;92m[48;2;41;43;96m▀[38;2;34;40;92m[48;2;41;43;96m▀[38;2;34;40;92m[48;2;41;43;96m▀[38;2;34;40;92m[48;2;41;43;96m▀[38;2;34;40;92m[48;2;41;43;96m▀[38;2;34;40;92m[48;2;41;43;96m▀[38;2;34;40;92m[48;2;41;43;96m▀[38;2;34;40;92m[48;2;41;43;96m▀[38;2;34;40;92m[48;2;41;43;96m▀[38;2;34;40;92m[48;2;41;43;96m▀[38;2;34;40;92m[48;2;41;43;96m▀[38;2;34;40;92m[48;2;41;43;96m▀[38;2;34;40;92m[48;2;41;43;96m▀[38;2;34;40;92m[48;2;41;43;96m▀[38;2;34;40;92m[48;2;41;43;96m▀[38;2;34;40;92m[48;2;41;43;96m▀[38;2;34;40;92m[48;2;41;43;96m▀[38;2;34;40;92m[48;2;41;43;96m▀[38;2;34;40;92m[48;2;41;43;96m▀[38;2;34;40;92m[48;2;41;43;96m▀[38;2;34;40;92m[48;2;41;43;96m▀[38;2;34;40;92m[48;2;41;43;96m▀[38;2;34;40;92m[48;2;41;43;96m▀[38;2;34;40;92m[48;2;41;43;96m▀[38;2;34;40;92m[48;2;41;43;96m▀[38;2;34;40;92m[48;2;41;43;96m▀[38;2;34;40;92m[48;2;41;43;96m▀[38;2;34;40;92m[48;2;41;43;96m▀[38;2;34;40;92m[48;2;41;43;96m▀[38;2;34;40;92m[48;2;41;43;96m▀[38;2;34;40;92m[48;2;41;43;96m▀[38;2;34;40;92m[48;2;41;43;96m▀[38;2;34;40;92m[48;2;41;43;96m▀[38;2;34;40;92m[48;2;41;43;96m▀[38;2;34;40;92m[48;2;41;43;96m▀[38;2;34;40;92m[48;2;41;43;96m▀[38;2;34;40;92m[48;2;41;43;96m▀[38;2;34;40;92m[48;2;41;43;96m▀[38;2;34;40;92m[48;2;41;43;96m▀[38;2;34;40;92m[48;2;41;43;96m▀[38;2;34;40;92m[48;2;41;43;96m▀[38;2;34;40;92m[48;2;41;43;96m▀[38;2;34;40;92m[48;2;41;43;96m▀[38;2;34;40;92m[48;2;41;43;96m▀[38;2;34;40;92m[48;2;41;43;96m▀[38;2;34;40;92m[48;2;41;43;96m▀[38;2;34;40;92m[48;2;41;43;96m▀[38;2;34;40;92m[48;2;41;43;96m▀[38;2;34;40;92m[48;2;41;43;96m▀[38;2;34;40;92m[48;2;41;43;96m▀[38;2;34;40;92m[48;2;41;43;96m▀[38;2;34;40;92m[48;2;41;43;96m▀[38;2;34;40;92m[48;2;41;43;96m▀[38;2;34;40;92m[48;2;41;43;96m▀[38;2;34;40;92m[48;2;41;43;96m▀[38;2;34;40;92m[48;2;41;43;96m▀[38;2;34;40;92m[48;2;41;43;96m▀[38;2;34;40;92m[48;2;41;43;96m▀[38;2;34;40;92m[48;2;41;43;96m▀[38;2;34;40;92m[48;2;41;43;96m▀[38;2;34;40;92m[48;2;41;43;96m▀[38;2;34;40;92m[48;2;41;43;96m▀[38;2;34;40;92m[48;2;41;43;96m▀[38;2;34;40;92m[48;2;41;43;96m▀[38;2;34;40;92m[48;2;41;43;96m▀[38;2;34;40;92m[48;2;41;43;96m▀[38;2;34;40;92m[48;2;41;43;96m▀[38;2;34;40;92m[48;2;41;43;96m▀[38;2;34;40;92m[48;2;41;43;96m▀[38;2;34;40;92m[48;2;41;43;96m▀[38;2;34;40;92m[48;2;41;43;96m▀[38;2;34;40;92m[48;2;41;43;96m▀[38;2;34;40;92m[48;2;41;43;96m▀[38;2;34;40;92m[48;2;41;43;96m▀[38;2;34;40;92m[48;2;41;43;96m▀[38;2;34;40;92m[48;2;41;43;96m▀[38;2;34;40;92m[48;2;41;43;96m▀[38;2;34;40;92m[48;2;41;43;96m▀[38;2;34;40;92m[48;2;41;43;96m▀[38;2;34;40;92m[48;2;41;43;96m▀[0m
[38;2;48;46;100m[48;2;55;49;104m▀[38;2;48;46;100m[48;2;55;49;104m▀[38;2;48;46;100m[48;2;55;49;104m▀[38;2;48;46;100m[48;2;55;49;104m▀[38;2;48;46;100m[48;2;55;49;104m▀[38;2;48;46;100m[48;2;55;49;104m▀[38;2;48;46;100m[48;2;55;49;104m▀[38;2;48;46;100m[48;2;55;49;104m▀[38;2;48;46;100m[48;2;55;49;104m▀[38;2;48;46;100m[48;2;55;49;104m▀[38;2;48;46;100m[48;2;55;49;104m▀[38;2;48;46;100m[48;2;55;49;104m▀[38;2;48;46;100m[48;2;55;49;104m▀[38;2;48;46;100m[48;2;55;49;104m▀[38;2;48;46;100m[48;2;55;49;104m▀[38;2;48;46;100m[48;2;55;49;104m▀[38;2;48;46;100m[48;2;55;49;104m▀[38;2;48;46;100m[48;2;55;49;104m▀[38;2;48;46;100m[48;2;55;49;104m▀[38;2;48;46;100m[48;2;55;49;104m▀[38;2;48;46;100m[48;2;55;49;104m▀[38;2;48;46;100m[48;2;55;49;104m▀[38;2;48;46;100m[48;2;55;49;104m▀[38;2;48;46;100m[48;2;55;49;104m▀[38;2;48;46;100m[48;2;55;49;104m▀[38;2;48;46;100m[48;2;55;49;104m▀[38;2;48;46;100m[48;2;55;49;104m▀[38;2;48;46;100m[48;2;55;49;104m▀[38;2;48;46;100m[48;2;55;49;104m▀[38;2;48;46;100m[48;2;55;49;104m▀[38;2;48;46;100m[48;2;55;49;104m▀[38;2;48;46;100m[48;2;55;49;104m▀[38;2;48;46;100m[48;2;55;49;104m▀[38;2;48;46;100m[48;2;55;49;104m▀[38;2;48;46;100m[48;2;55;49;104m▀[38;2;48;46;100m[48;2;55;49;104m▀[38;2;48;46;100m[48;2;55;49;104m▀[38;2;48;46;100m[48;2;55;49;104m▀[38;2;48;46;100m[48;2;55;49;104m▀[38;2;48;46;100m[48;2;55;49;104m▀[38;2;48;46;100m[48;2;55;49;104m▀[38;2;48;46;100m[48;2;55;49;104m▀[38;2;48;46;100m[48;2;55;49;104m▀[38;2;48;46;100m[48;2;55;49;104m▀[38;2;48;46;100m[48;2;55;49;104m▀[38;2;48;46;100m[48;2;55;49;104m▀[38;2;48;46;100m[48;2;55;49;104m▀[38;2;48;46;100m[48;2;55;49;104m▀[38;2;48;46;100m[48;2;55;49;104m▀[38;2;48;46;100m[48;2;55;49;104m▀[38;2;48;46;100m[48;2;55;49;104m▀[38;2;48;46;100m[48;2;55;49;104m▀[38;2;48;46;100m[48;2;55;49;104m▀[38;2;48;46;100m[48;2;55;49;104m▀[38;2;48;46;100m[48;2;55;49;104m▀[38;2;48;46;100m[48;2;55;49;104m▀[38;2;48;46;100m[48;2;55;49;104m▀[38;2;48;46;100m[48;2;55;49;104m▀[38;2;48;46;100m[48;2;55;49;104m▀[38;2;48;46;100m[48;2;55;49;104m▀[38;2;48;46;100m[48;2;55;49;104m▀[38;2;48;46;100m[48;2;55;49;104m▀[38;2;48;46;100m[48;2;55;49;104m▀[38;2;48;46;100m[48;2;55;49;104m▀[38;2;48;46;100m[48;2;55;49;104m▀[38;2;48;46;100m[48;2;55;49;104m▀[38;2;48;46;100m[48;2;55;49;104m▀[38;2;48;46;100m[48;2;55;49;104m▀[38;2;48;46;100m[48;2;55;49;104m▀[38;2;48;46;100m[48;2;55;49;104m▀[38;2;48;46;100m[48;2;55;49;104m▀[38;2;48;46;100m[48;2;55;49;104m▀[38;2;48;46;100m[48;2;55;49;104m▀[38;2;48;46;100m[48;2;55;49;104m▀[38;2;48;46;100m[48;2;55;49;104m▀[38;2;48;46;100m[48;2;55;49;104m▀[38;2;48;46;100m[48;2;55;49;104m▀[38;2;48;46;100m[48;2;55;49;104m▀[38;2;48;46;100m[48;2;55;49;104m▀[38;2;48;46;100m[48;2;55;49;104m▀[0m
[38;2;62;52;108m[48;2;69;55;112m▀[38;2;62;52;108m[48;2;69;55;112m▀[38;2;62;52;108m[48;2;69;55;112m▀[38;2;62;52;108m[48;2;69;55;112m▀[38;2;62;52;108m[48;2;69;55;112m▀[38;2;62;52;108m[48;2;69;55;112m▀[38;2;62;52;108m[48;2;69;55;112m▀[38;2;62;52;108m[48;2;69;55;112m▀[38;2;62;52;108m[48;2;69;55;112m▀[38;2;62;52;108m[48;2;69;55;112m▀[38;2;62;52;108m[48;2;69;55;112m▀[38;2;62;52;108m[48;2;69;55;112m▀[38;2;62;52;108m[48;2;69;55;112m▀[38;2;62;52;108m[48;2;69;55;112m▀[38;2;62;52;108m[48;2;69;55;112m▀[38;2;62;52;108m[48;2;69;55;112m▀[38;2;62;52;108m[48;2;69;55;112m▀[38;2;62;52;108m[48;2;69;55;112m▀[38;2;62;52;108m[48;2;69;55;112m▀[38;2;62;52;108m[48;2;69;55;112m▀[38;2;62;52;108m[48;2;69;55;112m▀[38;2;62;52;108m[48;2;69;55;112m▀[38;2;62;52;108m[48;2;69;55;112m▀[38;2;62;52;108m[48;2;69;55;112m▀[38;2;62;52;108m[48;2;69;55;112m▀[38;2;62;52;108m[48;2;69;55;112m▀[38;2;62;52;108m[48;2;69;55;112m▀[38;2;62;52;108m[48;2;69;55;112m▀[38;2;62;52;108m[48;2;69;55;112m▀[38;2;62;52;108m[48;2;69;55;112m▀[38;2;62;52;108m[48;2;69;55;112m▀[38;2;62;52;108m[48;2;69;55;112m▀[38;2;62;52;108m[48;2;69;55;112m▀[38;2;62;52;108m[48;2;69;55;112m▀[38;2;62;52;108m[48;2;69;55;112m▀[38;2;62;52;108m[48;2;69;55;112m▀[38;2;62;52;108m[48;2;69;55;112m▀[38;2;62;52;108m[48;2;69;55;112m▀[38;2;62;52;108m[48;2;69;55;112m▀[38;2;62;52;108m[48;2;69;55;112m▀[38;2;62;52;108m[48;2;69;55;112m▀[38;2;62;52;108m[48;2;69;55;112m▀[38;2;62;52;108m[48;2;69;55;112m▀[38;2;62;52;108m[48;2;69;55;112m▀[38;2;62;52;108m[48;2;69;55;112m▀[38;2;62;52;108m[48;2;69;55;112m▀[38;2;62;52;108m[48;2;69;55;112m▀[38;2;62;52;108m[48;2;69;55;112m▀[38;2;62;52;108m[48;2;69;55;112m▀[38;2;62;52;108m[48;2;69;55;112m▀[38;2;62;52;108m[48;2;69;55;112m▀[38;2;62;52;108m[48;2;69;55;112m▀[38;2;62;52;108m[48;2;69;55;112m▀[38;2;62;52;108m[48;2;69;55;112m▀[38;2;62;52;108m[48;2;69;55;112m▀[38;2;62;52;108m[48;2;69;55;112m▀[38;2;62;52;108m[48;2;69;55;112m▀[38;2;62;52;108m[48;2;69;55;112m▀[38;2;62;52;108m[48;2;69;55;112m▀[38;2;62;52;108m[48;2;69;55;112m▀[38;2;62;52;108m[48;2;69;55;112m▀[38;2;62;52;108m[48;2;69;55;112m▀[38;2;62;52;108m[48;2;69;55;112m▀[38;2;62;52;108m[48;2;69;55;112m▀[38;2;62;52;108m[48;2;69;55;112m▀[38;2;62;52;108m[48;2;69;55;112m▀[38;2;62;52;108m[48;2;69;55;112m▀[38;2;62;52;108m[48;2;69;55;112m▀[38;2;62;52;108m[48;2;69;55;112m▀[38;2;62;52;108m[48;2;69;55;112m▀[38;2;62;52;108m[48;2;69;55;112m▀[38;2;62;52;108m[48;2;69;55;112m▀[38;2;62;52;108m[48;2;69;55;112m▀[38;2;62;52;108m[48;2;69;55;112m▀[38;2;62;52;108m[48;2;69;55;112m▀[38;2;62;52;108m[48;2;69;55;112m▀[38;2;62;52;108m[48;2;69;55;112m▀[38;2;62;52;108m[48;2;69;55;112m▀[38;2;62;52;108m[48;2;69;55;112m▀[38;2;62;52;108m[48;2;69;55;112m▀[0m
[38;2;76;59;115m[48;2;83;62;119m▀[38;2;76;59;115m[48;2;83;62;119m▀[38;2;76;59;115m[48;2;83;62;119m▀[38;2;76;59;115m[48;2;83;62;119m▀[38;2;76;59;115m[48;2;83;62;119m▀[38;2;76;59;115m[48;2;83;62;119m▀[38;2;76;59;115m[48;2;83;62;119m▀[38;2;76;59;115m[48;2;83;62;119m▀[38;2;76;59;115m[48;2;83;62;119m▀[38;2;76;59;115m[48;2;83;62;119m▀[38;2;76;59;115m[48;2;83;62;119m▀[38;2;76;59;115m[48;2;83;62;119m▀[38;2;76;59;115m[48;2;83;62;119m▀[38;2;76;59;115m[48;2;83;62;119m▀[38;2;76;59;115m[48;2;83;62;119m▀[38;2;76;59;115m[48;2;83;62;119m▀[38;2;76;59;115m[48;2;83;62;119m▀[38;2;76;59;115m[48;2;83;62;119m▀[38;2;76;59;115m[48;2;83;62;119m▀[38;2;76;59;115m[48;2;83;62;119m▀[38;2;76;59;115m[48;2;83;62;119m▀[38;2;76;59;115m[48;2;83;62;119m▀[38;2;76;59;115m[48;2;83;62;119m▀[38;2;76;59;115m[48;2;83;62;119m▀[38;2;76;59;115m[48;2;83;62;119m▀[38;2;76;59;115m[48;2;83;62;119m▀[38;2;76;59;115m[48;2;83;62;119m▀[38;2;76;59;115m[48;2;83;62;119m▀[38;2;76;59;115m[48;2;83;62;119m▀[38;2;76;59;115m[48;2;83;62;119m▀[38;2;76;59;115m[48;2;83;62;119m▀[38;2;76;59;115m[48;2;83;62;119m▀[38;2;76;59;115m[48;2;83;62;119m▀[38;2;76;59;115m[48;2;83;62;119m▀[38;2;76;59;115m[48;2;83;62;119m▀[38;2;76;59;115m[48;2;83;62;119m▀[38;2;76;59;115m[48;2;83;62;119m▀[38;2;76;59;115m[48;2;83;62;119m▀[38;2;76;59;115m[48;2;83;62;119m▀[38;2;76;59;115m[48;2;83;62;119m▀[38;2;76;59;115m[48;2;83;62;119m▀[38;2;76;59;115m[48;2;83;62;119m▀[38;2;76;59;115m[48;2;83;62;119m▀[38;2;76;59;115m[48;2;83;62;119m▀[38;2;76;59;115m[48;2;83;62;119m▀[38;2;76;59;115m[48;2;83;62;119m▀[38;2;76;59;115m[48;2;83;62;119m▀[38;2;76;59;115m[48;2;83;62;119m▀[38;2;76;59;115m[48;2;83;62;119m▀[38;2;76;59;115m[48;2;83;62;119m▀[38;2;76;59;115m[48;2;83;62;119m▀[38;2;76;59;115m[48;2;83;62;119m▀[38;2;76;59;115m[48;2;83;62;119m▀[38;2;76;59;115m[48;2;83;62;119m▀[38;2;76;59;115m[48;2;83;62;119m▀[38;2;76;59;115m[48;2;83;62;119m▀[38;2;76;59;115m[48;2;83;62;119m▀[38;2;76;59;115m[48;2;83;62;119m▀[38;2;76;59;115m[48;2;83;62;119m▀[38;2;76;59;115m[48;2;83;62;119m▀[38;2;76;59;115m[48;2;83;62;119m▀[38;2;76;59;115m[48;2;83;62;119m▀[38;2;76;59;115m[48;2;83;62;119m▀[38;2;76;59;115m[48;2;83;62;119m▀[38;2;76;59;115m[48;2;83;62;119m▀[38;2;76;59;115m[48;2;83;62;119m▀[38;2;76;59;115m[48;2;83;62;119m▀[38;2;76;59;115m[48;2;83;62;119m▀[38;2;76;59;115m[48;2;83;62;119m▀[38;2;76;59;115m[48;2;83;62;119m▀[38;2;76;59;115m[48;2;83;62;119m▀[38;2;76;59;115m[48;2;83;62;119m▀[38;2;76;59;115m[48;2;83;62;119m▀[38;2;76;59;115m[48;2;83;62;119m▀[38;2;76;59;115m[48;2;83;62;119m▀[38;2;76;59;115m[48;2;83;62;119m▀[38;2;76;59;115m[48;2;83;62;119m▀[38;2;76;59;115m[48;2;83;62;119m▀[38;2;76;59;115m[48;2;83;62;119m▀[38;2;76;59;115m[48;2;83;62;119m▀[0m
[38;2;90;65;123m[48;2;97;68;127m▀[38;2;90;65;123m[48;2;97;68;127m▀[38;2;90;65;123m[48;2;97;68;127m▀[38;2;90;65;123m[48;2;97;68;127m▀[38;2;90;65;123m[48;2;97;68;127m▀[38;2;90;65;123m[48;2;97;68;127m▀[38;2;90;65;123m[48;2;97;68;127m▀[38;2;90;65;123m[48;2;97;68;127m▀[38;2;90;65;123m[48;2;97;68;127m▀[38;2;90;65;123m[48;2;97;68;127m▀[38;2;90;65;123m[48;2;97;68;127m▀[38;2;90;65;123m[48;2;97;68;127m▀[38;2;90;65;123m[48;2;97;68;127m▀[38;2;90;65;123m[48;2;97;68;127m▀[38;2;90;65;123m[48;2;97;68;127m▀[38;2;90;65;123m[48;2;97;68;127m▀[38;2;90;65;123m[48;2;97;68;127m▀[38;2;90;65;123m[48;2;97;68;127m▀[38;2;90;65;123m[48;2;97;68;127m▀[38;2;90;65;123m[48;2;97;68;127m▀[38;2;90;65;123m[48;2;97;68;127m▀[38;2;90;65;123m[48;2;97;68;127m▀[38;2;90;65;123m[48;2;97;68;127m▀[38;2;90;65;123m[48;2;97;68;127m▀[38;2;90;65;123m[48;2;97;68;127m▀[38;2;90;65;123m[48;2;97;68;127m▀[38;2;90;65;123m[48;2;97;68;127m▀[38;2;90;65;123m[48;2;97;68;127m▀[38;2;90;65;123m[48;2;97;68;127m▀[38;2;90;65;123m[48;2;97;68;127m▀[38;2;90;65;123m[48;2;97;68;127m▀[38;2;90;65;123m[48;2;97;68;127m▀[38;2;90;65;123m[48;2;97;68;127m▀[38;2;90;65;123m[48;2;97;68;127m▀[38;2;90;65;123m[48;2;97;68;127m▀[38;2;90;65;123m[48;2;97;68;127m▀[38;2;90;65;123m[48;2;97;68;127m▀[38;2;90;65;123m[48;2;97;68;127m▀[38;2;90;65;123m[48;2;97;68;127m▀[38;2;90;65;123m[48;2;97;68;127m▀[38;2;90;65;123m[48;2;97;68;127m▀[38;2;90;65;123m[48;2;97;68;127m▀[38;2;90;65;123m[48;2;97;68;127m▀[38;2;90;65;123m[48;2;97;68;127m▀[38;2;90;65;123m[48;2;97;68;127m▀[38;2;90;65;123m[48;2;97;68;127m▀[38;2;90;65;123m[48;2;97;68;127m▀[38;2;90;65;123m[48;2;97;68;127m▀[38;2;90;65;123m[48;2;97;68;127m▀[38;2;90;65;123m[48;2;97;68;127m▀[38;2;90;65;123m[48;2;97;68;127m▀[38;2;90;65;123m[48;2;97;68;127m▀[38;2;90;65;123m[48;2;97;68;127m▀[38;2;90;65;123m[48;2;97;68;127m▀[38;2;90;65;123m[48;2;97;68;127m▀[38;2;90;65;123m[48;2;97;68;127m▀[38;2;90;65;123m[48;2;97;68;127m▀[38;2;90;65;123m[48;2;97;68;127m▀[38;2;90;65;123m[48;2;97;68;127m▀[38;2;90;65;123m[48;2;97;68;127m▀[38;2;90;65;123m[48;2;97;68;127m▀[38;2;90;65;123m[48;2;97;68;127m▀[38;2;90;65;123m[48;2;97;68;127m▀[38;2;90;65;123m[48;2;97;68;127m▀[38;2;90;65;123m[48;2;97;68;127m▀[38;2;90;65;123m[48;2;97;68;127m▀[38;2;90;65;123m[48;2;97;68;127m▀[38;2;90;65;123m[48;2;97;68;127m▀[38;2;90;65;123m[48;2;97;68;127m▀[38;2;90;65;123m[48;2;97;68;127m▀[38;2;90;65;123m[48;2;97;68;127m▀[38;2;90;65;123m[48;2;97;68;127m▀[38;2;90;65;123m[48;2;97;68;127m▀[38;2;90;65;123m[48;2;97;68;127m▀[38;2;90;65;123m[48;2;97;68;127m▀[38;2;90;65;123m[48;2;97;68;127m▀[38;2;90;65;123m[48;2;97;68;127m▀[38;2;90;65;123m[48;2;97;68;127m▀[38;2;90;65;123m[48;2;97;68;127m▀[38;2;90;65;123m[48;2;97;68;127m▀[0m
[38;2;104;71;131m[48;2;111;74;135m▀[38;2;104;71;131m[48;2;111;74;135m▀[38;2;104;71;131m[48;2;111;74;135m▀[38;2;104;71;131m[48;2;111;74;135m▀[38;2;104;71;131m[48;2;111;74;135m▀[38;2;104;71;131m[48;2;111;74;135m▀[38;2;104;71;131m[48;2;111;74;135m▀[38;2;104;71;131m[48;2;111;74;135m▀[38;2;104;71;131m[48;2;111;74;135m▀[38;2;104;71;131m[48;2;111;74;135m▀[38;2;104;71;131m[48;2;111;74;135m▀[38;2;104;71;131m[48;2;111;74;135m▀[38;2;104;71;131m[48;2;111;74;135m▀[38;2;104;71;131m[48;2;111;74;135m▀[38;2;104;71;131m[48;2;111;74;135m▀[38;2;104;71;131m[48;2;111;74;135m▀[38;2;104;71;131m[48;2;111;74;135m▀[38;2;104;71;131m[48;2;111;74;135m▀[38;2;104;71;131m[48;2;111;74;135m▀[38;2;104;71;131m[48;2;111;74;135m▀[38;2;104;71;131m[48;2;111;74;135m▀[38;2;104;71;131m[48;2;111;74;135m▀[38;2;104;71;131m[48;2;111;74;135m▀[38;2;104;71;131m[48;2;111;74;135m▀[38;2;104;71;131m[48;2;111;74;135m▀[38;2;104;71;131m[48;2;111;74;135m▀[38;2;104;71;131m[48;2;111;74;135m▀[38;2;104;71;131m[48;2;111;74;135m▀[38;2;104;71;131m[48;2;111;74;135m▀[38;2;104;71;131m[48;2;111;74;135m▀[38;2;104;71;131m[48;2;111;74;135m▀[38;2;104;71;131m[48;2;111;74;135m▀[38;2;104;71;131m[48;2;111;74;135m▀[38;2;104;71;131m[48;2;111;74;135m▀[38;2;104;71;131m[48;2;111;74;135m▀[38;2;104;71;131m[48;2;111;74;135m▀[38;2;104;71;131m[48;2;111;74;135m▀[38;2;104;71;131m[48;2;111;74;135m▀[38;2;104;71;131m[48;2;111;74;135m▀[38;2;104;71;131m[48;2;111;74;135m▀[38;2;104;71;131m[48;2;111;74;135m▀[38;2;104;71;131m[48;2;111;74;135m▀[38;2;104;71;131m[48;2;111;74;135m▀[38;2;104;71;131m[48;2;111;74;135m▀[38;2;104;71;131m[48;2;111;74;135m▀[38;2;104;71;131m[48;2;111;74;135m▀[38;2;104;71;131m[48;2;111;74;135m▀[38;2;104;71;131m[48;2;111;74;135m▀[38;2;104;71;131m[48;2;111;74;135m▀[38;2;104;71;131m[48;2;111;74;135m▀[38;2;104;71;131m[48;2;111;74;135m▀[38;2;104;71;131m[48;2;111;74;135m▀[38;2;104;71;131m[48;2;111;74;135m▀[38;2;104;71;131m[48;2;111;74;135m▀[38;2;104;71;131m[48;2;111;74;135m▀[38;2;104;71;131m[48;2;111;74;135m▀[38;2;104;71;131m[48;2;111;74;135m▀[38;2;104;71;131m[48;2;111;74;135m▀[38;2;104;71;131m[48;2;111;74;135m▀[38;2;104;71;131m[48;2;111;74;135m▀[38;2;104;71;131m[48;2;111;74;135m▀[38;2;104;71;131m[48;2;111;74;135m▀[38;2;104;71;131m[48;2;111;74;135m▀[38;2;104;71;131m[48;2;111;74;135m▀[38;2;104;71;131m[48;2;111;74;135m▀[38;2;104;71;131m[48;2;111;74;135m▀[38;2;104;71;131m[48;2;111;74;135m▀[38;2;104;71;131m[48;2;111;74;135m▀[38;2;104;71;131m[48;2;111;74;135m▀[38;2;104;71;131m[48;2;111;74;135m▀[38;2;104;71;131m[48;2;111;74;135m▀[38;2;104;71;131m[48;2;111;74;135m▀[38;2;104;71;131m[48;2;111;74;135m▀[38;2;104;71;131m[48;2;111;74;135m▀[38;2;104;71;131m[48;2;111;74;135m▀[38;2;104;71;131m[48;2;111;74;135m▀[38;2;104;71;131m[48;2;111;74;135m▀[38;2;104;71;131m[48;2;111;74;135m▀[38;2;104;71;131m[48;2;111;74;135m▀[38;2;104;71;131m[48;2;111;74;135m▀[0m
[38;2;118;77;139m[48;2;129;83;137m▀[38;2;118;77;139m[48;2;129;83;137m▀[38;2;118;77;139m[48;2;129;83;137m▀[38;2;118;77;139m[48;2;129;83;137m▀[38;2;118;77;139m[48;2;129;83;137m▀[38;2;118;77;139m[48;2;129;83;137m▀[38;2;118;77;139m[48;2;129;83;137m▀[38;2;118;77;139m[48;2;129;83;137m▀[38;2;118;77;139m[48;2;129;83;137m▀[38;2;118;77;139m[48;2;129;83;137m▀[38;2;118;77;139m[48;2;129;83;137m▀[38;2;118;77;139m[48;2;129;83;137m▀[38;2;118;77;139m[48;2;129;83;137m▀[38;2;118;77;139m[48;2;129;83;137m▀[38;2;118;77;139m[48;2;129;83;137m▀[38;2;118;77;139m[48;2;129;83;137m▀[38;2;118;77;139m[48;2;129;83;137m▀[38;2;118;77;139m[48;2;129;83;137m▀[38;2;118;77;139m[48;2;129;83;137m▀[38;2;118;77;139m[48;2;132;86;137m▀[38;2;118;77;139m[48;2;145;100;139m▀[38;2;118;77;139m[48;2;156;112;140m▀[38;2;125;84;140m[48;2;164;120;141m▀[38;2;130;89;140m[48;2;169;124;141m▀[38;2;130;89;140m[48;2;170;125;141m▀[38;2;127;86;140m[48;2;167;122;141m▀[38;2;121;80;139m[48;2;160;115;140m▀[38;2;118;77;139m[48;2;150;105;139m▀[38;2;118;77;139m[48;2;137;92;138m▀[38;2;118;77;139m[48;2;129;83;137m▀[38;2;118;77;139m[48;2;129;83;137m▀[38;2;118;77;139m[48;2;129;83;137m▀[38;2;118;77;139m[48;2;129;83;137m▀[38;2;118;77;139m[48;2;129;83;137m▀[38;2;118;77;139m[48;2;129;83;137m▀[38;2;118;77;139m[48;2;129;83;137m▀[38;2;118;77;139m[48;2;129;83;137m▀[38;2;118;77;139m[48;2;129;83;137m▀[38;2;118;77;139m[48;2;129;83;137m▀[38;2;118;77;139m[48;2;129;83;137m▀[38;2;118;77;139m[48;2;129;83;137m▀[38;2;118;77;139m[48;2;129;83;137m▀[38;2;118;77;139m[48;2;129;83;137m▀[38;2;118;77;139m[48;2;129;83;137m▀[38;2;118;77;139m[48;2;129;83;137m▀[38;2;118;77;139m[48;2;129;83;137m▀[38;2;118;77;139m[48;2;129;83;137m▀[38;2;118;77;139m[48;2;129;83;137m▀[38;2;118;77;139m[48;2;129;83;137m▀[38;2;118;77;139m[48;2;129;83;137m▀[38;2;118;77;139m[48;2;129;83;137m▀[38;2;118;77;139m[48;2;129;83;137m▀[38;2;118;77;139m[48;2;129;83;137m▀[38;2;118;77;139m[48;2;129;83;137m▀[38;2;118;77;139m[48;2;129;83;137m▀[38;2;118;77;139m[48;2;129;83;137m▀[38;2;118;77;139m[48;2;129;83;137m▀[38;2;118;77;139m[48;2;129;83;137m▀[38;2;118;77;139m[48;2;129;83;137m▀[38;2;118;77;139m[48;2;129;83;137m▀[38;2;118;77;139m[48;2;129;83;137m▀[38;2;118;77;139m[48;2;129;83;137m▀[38;2;118;77;139m[48;2;129;83;137m▀[38;2;118;77;139m[48;2;129;83;137m▀[38;2;118;77;139m[48;2;129;83;137m▀[38;2;118;77;139m[48;2;129;83;137m▀[38;2;118;77;139m[48;2;129;83;137m▀[38;2;118;77;139m[48;2;129;83;137m▀[38;2;118;77;139m[48;2;129;83;137m▀[38;2;118;77;139m[48;2;129;83;137m▀[38;2;118;77;139m[48;2;129;83;137m▀[38;2;118;77;139m[48;2;129;83;137m▀[38;2;118;77;139m[48;2;129;83;137m▀[38;2;118;77;139m[48;2;129;83;137m▀[38;2;118;77;139m[48;2;129;83;137m▀[38;2;118;77;139m[48;2;129;83;137m▀[38;2;118;77;139m[48;2;129;83;137m▀[38;2;118;77;139m[48;2;129;83;137m▀[38;2;118;77;139m[48;2;129;83;137m▀[38;2;118;77;139m[48;2;129;83;137m▀[0m
[38;2;142;91;132m[48;2;155;99;127m▀[38;2;142;91;132m[48;2;155;99;127m▀[38;2;142;91;132m[48;2;155;99;127m▀[38;2;142;91;132m[48;2;155;99;127m▀[38;2;142;91;132m[48;2;155;99;127m▀[38;2;142;91;132m[48;2;155;99;127m▀[38;2;142;91;132m[48;2;155;99;127m▀[38;2;142;91;132m[48;2;155;99;127m▀[38;2;142;91;132m[48;2;155;99;127m▀[38;2;142;91;132m[48;2;155;99;127m▀[38;2;142;91;132m[48;2;155;99;127m▀[38;2;142;91;132m[48;2;155;99;127m▀[38;2;142;91;132m[48;2;155;99;127m▀[38;2;142;91;132m[48;2;155;99;127m▀[38;2;142;91;132m[48;2;155;99;127m▀[38;2;142;91;132m[48;2;155;99;127m▀[38;2;142;91;132m[48;2;155;99;127m▀[38;2;142;91;132m[48;2;163;108;129m▀[38;2;150;100;133m[48;2;179;127;133m▀[38;2;166;117;136m[48;2;195;145;136m▀[38;2;180;132;138m[48;2;209;161;139m▀[38;2;191;145;140m[48;2;220;174;142m▀[38;2;199;153;141m[48;2;228;183;144m▀[38;2;204;158;142m[48;2;233;189;145m▀[38;2;205;159;142m[48;2;234;189;145m▀[38;2;202;156;141m[48;2;230;186;144m▀[38;2;195;149;140m[48;2;224;178;143m▀[38;2;185;138;139m[48;2;213;166;140m▀[38;2;172;124;137m[48;2;201;152;138m▀[38;2;157;107;134m[48;2;186;135;134m▀[38;2;142;91;132m[48;2;169;116;130m▀[38;2;142;91;132m[48;2;155;99;127m▀[38;2;142;91;132m[48;2;155;99;127m▀[38;2;142;91;132m[48;2;155;99;127m▀[38;2;142;91;132m[48;2;155;99;127m▀[38;2;142;91;132m[48;2;155;99;127m▀[38;2;142;91;132m[48;2;155;99;127m▀[38;2;142;91;132m[48;2;155;99;127m▀[38;2;142;91;132m[48;2;155;99;127m▀[38;2;142;91;132m[48;2;155;99;127m▀[38;2;142;91;132m[48;2;155;99;127m▀[38;2;142;91;132m[48;2;155;99;127m▀[38;2;142;91;132m[48;2;155;99;127m▀[38;2;142;91;132m[48;2;155;99;127m▀[38;2;142;91;132m[48;2;155;99;127m▀[38;2;142;91;132m[48;2;155;99;127m▀[38;2;142;91;132m[48;2;155;99;127m▀[38;2;142;91;132m[48;2;155;99;127m▀[38;2;142;91;132m[48;2;155;99;127m▀[38;2;142;91;132m[48;2;155;99;127m▀[38;2;142;91;132m[48;2;155;99;127m▀[38;2;142;91;132m[48;2;155;99;127m▀[38;2;142;91;132m[48;2;155;99;127m▀[38;2;142;91;132m[48;2;155;99;127m▀[38;2;142;91;132m[48;2;155;99;127m▀[38;2;142;91;132m[48;2;155;99;127m▀[38;2;142;91;132m[48;2;155;99;127m▀[38;2;142;91;132m[48;2;155;99;127m▀[38;2;142;91;132m[48;2;155;99;127m▀[38;2;142;91;132m[48;2;155;99;127m▀[38;2;142;91;132m[48;2;155;99;127m▀[38;2;142;91;132m[48;2;155;99;127m▀[38;2;142;91;132m[48;2;155;99;127m▀[38;2;142;91;132m[48;2;155;99;127m▀[38;2;142;91;132m[48;2;155;99;127m▀[38;2;142;91;132m[48;2;155;99;127m▀[38;2;142;91;132m[48;2;155;99;127m▀[38;2;142;91;132m[48;2;155;99;127m▀[38;2;142;91;132m[48;2;155;99;127m▀[38;2;142;91;132m[48;2;155;99;127m▀[38;2;142;91;132m[48;2;155;99;127m▀[38;2;142;91;132m[48;2;155;99;127m▀[38;2;142;91;132m[48;2;155;99;127m▀[38;2;142;91;132m[48;2;155;99;127m▀[38;2;142;91;132m[48;2;155;99;127m▀[38;2;142;91;132m[48;2;155;99;127m▀[38;2;142;91;132m[48;2;155;99;127m▀[38;2;142;91;132m[48;2;155;99;127m▀[38;2;142;91;132m[48;2;155;99;127m▀[38;2;142;91;132m[48;2;155;99;127m▀[0m
[38;2;168;107;122m[48;2;181;114;118m▀[38;2;168;107;122m[48;2;181;114;118m▀[38;2;168;107;122m[48;2;181;114;118m▀[38;2;168;107;122m[48;2;181;114;118m▀[38;2;168;107;122m[48;2;181;114;118m▀[38;2;168;107;122m[48;2;181;114;118m▀[38;2;168;107;122m[48;2;181;114;118m▀[38;2;168;107;122m[48;2;181;114;118m▀[38;2;168;107;122m[48;2;181;114;118m▀[38;2;168;107;122m[48;2;181;114;118m▀[38;2;168;107;122m[48;2;181;114;118m▀[38;2;168;107;122m[48;2;181;114;118m▀[38;2;168;107;122m[48;2;181;114;118m▀[38;2;168;107;122m[48;2;181;114;118m▀[38;2;168;107;122m[48;2;181;114;118m▀[38;2;168;107;122m[48;2;181;114;118m▀[38;2;170;110;123m[48;2;191;128;122m▀[38;2;187;130;128m[48;2;206;148;129m▀[38;2;203;150;133m[48;2;221;168;135m▀[38;2;218;168;138m[48;2;235;187;141m▀[38;2;231;185;142m[48;2;248;204;147m▀[38;2;242;198;146m[48;2;255;240;200m▀[38;2;251;209;149m[48;2;255;240;200m▀[38;2;255;240;200m[48;2;255;240;200m▀[38;2;255;240;200m[48;2;255;240;200m▀[38;2;253;212;149m[48;2;255;240;200m▀[38;2;246;203;147m[48;2;255;240;200m▀[38;2;236;191;144m[48;2;252;210;149m▀[38;2;223;175;140m[48;2;240;194;144m▀[38;2;209;157;135m[48;2;227;176;138m▀[38;2;193;138;130m[48;2;212;156;131m▀[38;2;177;118;125m[48;2;197;136;125m▀[38;2;168;107;122m[48;2;182;115;118m▀[38;2;168;107;122m[48;2;181;114;118m▀[38;2;168;107;122m[48;2;181;114;118m▀[38;2;168;107;122m[48;2;181;114;118m▀[38;2;168;107;122m[48;2;181;114;118m▀[38;2;168;107;122m[48;2;181;114;118m▀[38;2;168;107;122m[48;2;181;114;118m▀[38;2;168;107;122m[48;2;181;114;118m▀[38;2;168;107;122m[48;2;181;114;118m▀[38;2;168;107;122m[48;2;181;114;118m▀[38;2;168;107;122m[48;2;181;114;118m▀[38;2;168;107;122m[48;2;181;114;118m▀[38;2;168;107;122m[48;2;181;114;118m▀[38;2;168;107;122m[48;2;181;114;118m▀[38;2;168;107;122m[48;2;181;114;118m▀[38;2;168;107;122m[48;2;181;114;118m▀[38;2;168;107;122m[48;2;181;114;118m▀[38;2;168;107;122m[48;2;181;114;118m▀[38;2;168;107;122m[48;2;181;114;118m▀[38;2;168;107;122m[48;2;181;114;118m▀[38;2;168;107;122m[48;2;181;114;118m▀[38;2;168;107;122m[48;2;181;114;118m▀[38;2;168;107;122m[48;2;181;114;118m▀[38;2;168;107;122m[48;2;181;114;118m▀[38;2;168;107;122m[48;2;181;114;118m▀[38;2;168;107;122m[48;2;181;114;118m▀[38;2;168;107;122m[48;2;181;114;118m▀[38;2;168;107;122m[48;2;181;114;118m▀[38;2;168;107;122m[48;2;181;114;118m▀[38;2;168;107;122m[48;2;181;114;118m▀[38;2;168;107;122m[48;2;181;114;118m▀[38;2;168;107;122m[48;2;181;114;118m▀[38;2;168;107;122m[48;2;181;114;118m▀[38;2;168;107;122m[48;2;181;114;118m▀[38;2;168;107;122m[48;2;181;114;118m▀[38;2;168;107;122m[48;2;181;114;118m▀[38;2;168;107;122m[48;2;181;114;118m▀[38;2;168;107;122m[48;2;181;114;118m▀[38;2;168;107;122m[48;2;181;114;118m▀[38;2;168;107;122m[48;2;181;114;118m▀[38;2;168;107;122m[48;2;181;114;118m▀[38;2;168;107;122m[48;2;181;114;118m▀[38;2;168;107;122m[48;2;181;114;118m▀[38;2;168;107;122m[48;2;181;114;118m▀[38;2;168;107;122m[48;2;181;114;118m▀[38;2;168;107;122m[48;2;181;114;118m▀[38;2;168;107;122m[48;2;181;114;118m▀[38;2;168;107;122m[48;2;181;114;118m▀[0m
[38;2;194;122;113m[48;2;207;130;108m▀[38;2;194;122;113m[48;2;207;130;108m▀[38;2;194;122;113m[48;2;207;130;108m▀[38;2;194;122;113m[48;2;207;130;108m▀[38;2;194;122;113m[48;2;207;130;108m▀[38;2;194;122;113m[48;2;207;130;108m▀[38;2;194;122;113m[48;2;207;130;108m▀[38;2;194;122;113m[48;2;207;130;108m▀[38;2;194;122;113m[48;2;207;130;108m▀[38;2;194;122;113m[48;2;207;130;108m▀[38;2;194;122;113m[48;2;207;130;108m▀[38;2;194;122;113m[48;2;207;130;108m▀[38;2;194;122;113m[48;2;207;130;108m▀[38;2;194;122;113m[48;2;207;130;108m▀[38;2;194;122;113m[48;2;207;130;108m▀[38;2;194;123;113m[48;2;210;135;111m▀[38;2;208;143;121m[48;2;221;154;120m▀[38;2;221;163;129m[48;2;232;173;129m▀[38;2;234;182;137m[48;2;242;192;139m▀[38;2;246;201;145m[48;2;253;210;148m▀[38;2;255;240;200m[48;2;255;240;200m▀[38;2;255;240;200m[48;2;255;240;200m▀[38;2;255;240;200m[48;2;255;240;200m▀[38;2;255;240;200m[48;2;255;240;200m▀[38;2;255;240;200m[48;2;255;240;200m▀[38;2;255;240;200m[48;2;255;240;200m▀[38;2;255;240;200m[48;2;255;240;200m▀[38;2;255;240;200m[48;2;255;240;200m▀[38;2;251;208;148m[48;2;255;240;200m▀[38;2;239;190;140m[48;2;246;199;143m▀[38;2;226;170;132m[48;2;236;180;133m▀[38;2;213;151;125m[48;2;225;162;124m▀[38;2;200;131;116m[48;2;214;143;114m▀[38;2;194;122;113m[48;2;207;130;108m▀[38;2;194;122;113m[48;2;207;130;108m▀[38;2;194;122;113m[48;2;207;130;108m▀[38;2;194;122;113m[48;2;207;130;108m▀[38;2;194;122;113m[48;2;207;130;108m▀[38;2;194;122;113m[48;2;207;130;108m▀[38;2;194;122;113m[48;2;207;130;108m▀[38;2;194;122;113m[48;2;207;130;108m▀[38;2;194;122;113m[48;2;207;130;108m▀[38;2;194;122;113m[48;2;207;130;108m▀[38;2;194;122;113m[48;2;207;130;108m▀[38;2;194;122;113m[48;2;207;130;108m▀[38;2;194;122;113m[48;2;207;130;108m▀[38;2;194;122;113m[48;2;207;130;108m▀[38;2;194;122;113m[48;2;207;130;108m▀[38;2;194;122;113m[48;2;207;130;108m▀[38;2;194;122;113m[48;2;207;130;108m▀[38;2;194;122;113m[48;2;207;130;108m▀[38;2;194;122;113m[48;2;207;130;108m▀[38;2;194;122;113m[48;2;207;130;108m▀[38;2;194;122;113m[48;2;207;130;108m▀[38;2;194;122;113m[48;2;207;130;108m▀[38;2;194;122;113m[48;2;207;130;108m▀[38;2;194;122;113m[48;2;130;172;110m▀[38;2;194;122;113m[48;2;121;166;105m▀[38;2;194;122;113m[48;2;116;163;102m▀[38;2;194;122;113m[48;2;114;161;101m▀[38;2;194;122;113m[48;2;115;162;101m▀[38;2;194;122;113m[48;2;118;164;103m▀[38;2;194;122;113m[48;2;125;169;107m▀[38;2;194;122;113m[48;2;134;175;113m▀[38;2;194;122;113m[48;2;207;130;108m▀[38;2;194;122;113m[48;2;207;130;108m▀[38;2;194;122;113m[48;2;207;130;108m▀[38;2;194;122;113m[48;2;207;130;108m▀[38;2;194;122;113m[48;2;207;130;108m▀[38;2;194;122;113m[48;2;207;130;108m▀[38;2;194;122;113m[48;2;207;130;108m▀[38;2;194;122;113m[48;2;207;130;108m▀[38;2;194;122;113m[48;2;207;130;108m▀[38;2;194;122;113m[48;2;207;130;108m▀[38;2;194;122;113m[48;2;207;130;108m▀[38;2;194;122;113m[48;2;207;130;108m▀[38;2;194;122;113m[48;2;207;130;108m▀[38;2;194;122;113m[48;2;207;130;108m▀[38;2;194;122;113m[48;2;207;130;108m▀[38;2;194;122;113m[48;2;207;130;108m▀[0m
[38;2;220;138;103m[48;2;232;145;98m▀[38;2;220;138;103m[48;2;232;145;98m▀[38;2;220;138;103m[48;2;232;145;98m▀[38;2;220;138;103m[48;2;232;145;98m▀[38;2;220;138;103m[48;2;232;145;98m▀[38;2;220;138;103m[48;2;232;145;98m▀[38;2;220;138;103m[48;2;232;145;98m▀[38;2;220;138;103m[48;2;232;145;98m▀[38;2;220;138;103m[48;2;232;145;98m▀[38;2;220;138;103m[48;2;232;145;98m▀[38;2;220;138;103m[48;2;232;145;98m▀[38;2;220;138;103m[48;2;232;145;98m▀[38;2;220;138;103m[48;2;232;145;98m▀[38;2;220;138;103m[48;2;232;145;98m▀[38;2;220;138;103m[48;2;232;145;98m▀[38;2;223;145;107m[48;2;234;152;103m▀[38;2;231;162;118m[48;2;239;167;115m▀[38;2;239;180;129m[48;2;245;183;127m▀[38;2;247;197;140m[48;2;250;199;139m▀[38;2;255;240;200m[48;2;255;240;200m▀[38;2;255;240;200m[48;2;255;240;200m▀[38;2;255;240;200m[48;2;255;240;200m▀[38;2;255;240;200m[48;2;255;240;200m▀[38;2;255;240;200m[48;2;255;240;200m▀[38;2;255;240;200m[48;2;255;240;200m▀[38;2;255;240;200m[48;2;255;240;200m▀[38;2;255;240;200m[48;2;255;240;200m▀[38;2;255;240;200m[48;2;255;240;200m▀[38;2;255;240;200m[48;2;255;240;200m▀[38;2;250;204;144m[48;2;252;206;144m▀[38;2;242;187;133m[48;2;247;190;132m▀[38;2;234;169;122m[48;2;242;174;120m▀[38;2;226;152;112m[48;2;236;158;108m▀[38;2;220;138;103m[48;2;232;145;98m▀[38;2;220;138;103m[48;2;232;145;98m▀[38;2;220;138;103m[48;2;232;145;98m▀[38;2;220;138;103m[48;2;232;145;98m▀[38;2;220;138;103m[48;2;232;145;98m▀[38;2;220;138;103m[48;2;232;145;98m▀[38;2;220;138;103m[48;2;232;145;98m▀[38;2;220;138;103m[48;2;232;145;98m▀[38;2;220;138;103m[48;2;232;145;98m▀[38;2;220;138;103m[48;2;96;149;90m▀[38;2;220;138;103m[48;2;69;127;72m▀[38;2;220;138;103m[48;2;63;120;68m▀[38;2;220;138;103m[48;2;59;115;65m▀[38;2;220;138;103m[48;2;56;110;63m▀[38;2;220;138;103m[48;2;53;106;61m▀[38;2;127;171;109m[48;2;50;103;59m▀[38;2;92;146;87m[48;2;48;100;58m▀[38;2;70;129;73m[48;2;46;98;57m▀[38;2;66;124;71m[48;2;45;96;56m▀[38;2;64;121;69m[48;2;44;95;55m▀[38;2;62;118;67m[48;2;43;93;54m▀[38;2;60;116;66m[48;2;42;92;54m▀[38;2;59;114;65m[48;2;42;92;53m▀[38;2;58;113;65m[48;2;41;91;53m▀[38;2;57;112;64m[48;2;41;91;53m▀[38;2;57;111;64m[48;2;41;90;53m▀[38;2;56;111;64m[48;2;40;90;53m▀[38;2;57;111;64m[48;2;41;90;53m▀[38;2;57;112;64m[48;2;41;90;53m▀[38;2;57;112;64m[48;2;41;91;53m▀[38;2;58;113;65m[48;2;41;91;53m▀[38;2;59;115;65m[48;2;42;92;54m▀[38;2;60;116;66m[48;2;42;93;54m▀[38;2;61;118;67m[48;2;43;93;54m▀[38;2;63;120;68m[48;2;43;94;55m▀[38;2;65;122;69m[48;2;44;95;55m▀[38;2;66;124;71m[48;2;45;96;56m▀[38;2;68;127;72m[48;2;46;97;56m▀[38;2;70;129;73m[48;2;46;98;57m▀[38;2;73;132;75m[48;2;47;99;57m▀[38;2;82;138;80m[48;2;48;100;58m▀[38;2;87;142;84m[48;2;48;100;58m▀[38;2;88;143;85m[48;2;48;100;58m▀[38;2;84;140;82m[48;2;48;100;58m▀[38;2;76;134;76m[48;2;47;99;57m▀[38;2;70;129;73m[48;2;47;98;57m▀[38;2;68;126;72m[48;2;46;97;56m▀[0m
[38;2;245;153;94m[48;2;223;147;109m▀[38;2;245;153;94m[48;2;223;147;109m▀[38;2;245;153;94m[48;2;223;147;109m▀[38;2;245;153;94m[48;2;223;147;109m▀[38;2;245;153;94m[48;2;223;147;109m▀[38;2;245;153;94m[48;2;223;147;109m▀[38;2;245;153;94m[48;2;223;147;109m▀[38;2;245;153;94m[48;2;223;147;109m▀[38;2;245;153;94m[48;2;223;147;109m▀[38;2;245;153;94m[48;2;223;147;109m▀[38;2;245;153;94m[48;2;223;147;109m▀[38;2;245;153;94m[48;2;223;147;109m▀[38;2;245;153;94m[48;2;223;147;109m▀[38;2;245;153;94m[48;2;223;147;109m▀[38;2;245;153;94m[48;2;223;147;109m▀[38;2;246;157;98m[48;2;223;147;109m▀[38;2;248;171;111m[48;2;223;147;109m▀[38;2;250;185;123m[48;2;223;147;109m▀[38;2;253;199;136m[48;2;223;147;109m▀[38;2;255;212;148m[48;2;223;147;109m▀[38;2;255;240;200m[48;2;223;147;109m▀[38;2;255;240;200m[48;2;223;147;109m▀[38;2;255;240;200m[48;2;223;147;109m▀[38;2;255;240;200m[48;2;223;147;109m▀[38;2;255;240;200m[48;2;223;147;109m▀[38;2;255;240;200m[48;2;223;147;109m▀[38;2;255;240;200m[48;2;223;147;109m▀[38;2;255;240;200m[48;2;223;147;109m▀[38;2;255;240;200m[48;2;223;147;109m▀[38;2;253;204;141m[48;2;223;147;109m▀[38;2;251;191;128m[48;2;223;147;109m▀[38;2;249;177;116m[48;2;223;147;109m▀[38;2;247;163;103m[48;2;223;147;109m▀[38;2;245;153;94m[48;2;223;147;109m▀[38;2;245;153;94m[48;2;223;147;109m▀[38;2;245;153;94m[48;2;223;147;109m▀[38;2;245;153;94m[48;2;223;147;109m▀[38;2;245;153;94m[48;2;223;147;109m▀[38;2;245;153;94m[48;2;223;147;109m▀[38;2;245;153;94m[48;2;223;147;109m▀[38;2;245;153;94m[48;2;223;147;109m▀[38;2;245;153;94m[48;2;223;147;109m▀[38;2;33;81;48m[48;2;223;147;109m▀[38;2;32;80;47m[48;2;223;147;109m▀[38;2;31;78;47m[48;2;223;147;109m▀[38;2;31;77;46m[48;2;223;147;109m▀[38;2;30;76;45m[48;2;223;147;109m▀[38;2;29;76;45m[48;2;223;147;109m▀[38;2;29;75;45m[48;2;223;147;109m▀[38;2;28;74;44m[48;2;223;147;109m▀[38;2;28;74;44m[48;2;223;147;109m▀[38;2;28;73;44m[48;2;223;147;109m▀[38;2;27;73;44m[48;2;223;147;109m▀[38;2;27;73;44m[48;2;223;147;109m▀[38;2;27;73;43m[48;2;223;147;109m▀[38;2;27;72;43m[48;2;223;147;109m▀[38;2;27;72;43m[48;2;223;147;109m▀[38;2;27;72;43m[48;2;223;147;109m▀[38;2;27;72;43m[48;2;223;147;109m▀[38;2;27;72;43m[48;2;223;147;109m▀[38;2;27;72;43m[48;2;223;147;109m▀[38;2;27;72;43m[48;2;223;147;109m▀[38;2;27;72;43m[48;2;223;147;109m▀[38;2;27;72;43m[48;2;223;147;109m▀[38;2;27;72;43m[48;2;223;147;109m▀[38;2;27;73;43m[48;2;223;147;109m▀[38;2;27;73;44m[48;2;223;147;109m▀[38;2;27;73;44m[48;2;223;147;109m▀[38;2;28;73;44m[48;2;223;147;109m▀[38;2;28;73;44m[48;2;223;147;109m▀[38;2;28;74;44m[48;2;223;147;109m▀[38;2;28;74;44m[48;2;223;147;109m▀[38;2;28;74;44m[48;2;223;147;109m▀[38;2;28;74;44m[48;2;223;147;109m▀[38;2;28;74;44m[48;2;223;147;109m▀[38;2;28;74;44m[48;2;223;147;109m▀[38;2;28;74;44m[48;2;223;147;109m▀[38;2;28;74;44m[48;2;223;147;109m▀[38;2;28;74;44m[48;2;223;147;109m▀[38;2;28;74;44m[48;2;223;147;109m▀[0m
[38;2;208;141;108m[48;2;193;136;107m▀[38;2;208;141;108m[48;2;193;136;107m▀[38;2;208;141;108m[48;2;193;136;107m▀[38;2;208;141;108m[48;2;193;136;107m▀[38;2;208;141;108m[48;2;193;136;107m▀[38;2;208;141;108m[48;2;193;136;107m▀[38;2;208;141;108m[48;2;193;136;107m▀[38;2;208;141;108m[48;2;193;136;107m▀[38;2;208;141;108m[48;2;193;136;107m▀[38;2;208;141;108m[48;2;193;136;107m▀[38;2;208;141;108m[48;2;193;136;107m▀[38;2;208;141;108m[48;2;193;136;107m▀[38;2;208;141;108m[48;2;193;136;107m▀[38;2;208;141;108m[48;2;193;136;107m▀[38;2;208;141;108m[48;2;193;136;107m▀[38;2;208;141;108m[48;2;193;136;107m▀[38;2;208;141;108m[48;2;193;136;107m▀[38;2;208;141;108m[48;2;193;136;107m▀[38;2;208;141;108m[48;2;193;136;107m▀[38;2;208;141;108m[48;2;193;136;107m▀[38;2;208;141;108m[48;2;193;136;107m▀[38;2;208;141;108m[48;2;193;136;107m▀[38;2;208;141;108m[48;2;217;172;132m▀[38;2;208;141;108m[48;2;217;172;132m▀[38;2;208;141;108m[48;2;217;172;132m▀[38;2;208;141;108m[48;2;217;172;132m▀[38;2;208;141;108m[48;2;217;172;132m▀[38;2;208;141;108m[48;2;217;172;132m▀[38;2;208;141;108m[48;2;217;172;132m▀[38;2;208;141;108m[48;2;193;136;107m▀[38;2;208;141;108m[48;2;193;136;107m▀[38;2;208;141;108m[48;2;193;136;107m▀[38;2;208;141;108m[48;2;193;136;107m▀[38;2;208;141;108m[48;2;193;136;107m▀[38;2;208;141;108m[48;2;193;136;107m▀[38;2;208;141;108m[48;2;193;136;107m▀[38;2;208;141;108m[48;2;193;136;107m▀[38;2;208;141;108m[48;2;193;136;107m▀[38;2;208;141;108m[48;2;193;136;107m▀[38;2;208;141;108m[48;2;193;136;107m▀[38;2;208;141;108m[48;2;193;136;107m▀[38;2;208;141;108m[48;2;193;136;107m▀[38;2;208;141;108m[48;2;193;136;107m▀[38;2;208;141;108m[48;2;193;136;107m▀[38;2;208;141;108m[48;2;193;136;107m▀[38;2;208;141;108m[48;2;193;136;107m▀[38;2;208;141;108m[48;2;193;136;107m▀[38;2;208;141;108m[48;2;193;136;107m▀[38;2;208;141;108m[48;2;193;136;107m▀[38;2;208;141;108m[48;2;193;136;107m▀[38;2;208;141;108m[48;2;193;136;107m▀[38;2;208;141;108m[48;2;193;136;107m▀[38;2;208;141;108m[48;2;193;136;107m▀[38;2;208;141;108m[48;2;193;136;107m▀[38;2;208;141;108m[48;2;193;136;107m▀[38;2;208;141;108m[48;2;193;136;107m▀[38;2;208;141;108m[48;2;193;136;107m▀[38;2;208;141;108m[48;2;193;136;107m▀[38;2;208;141;108m[48;2;193;136;107m▀[38;2;208;141;108m[48;2;193;136;107m▀[38;2;208;141;108m[48;2;193;136;107m▀[38;2;208;141;108m[48;2;193;136;107m▀[38;2;208;141;108m[48;2;193;136;107m▀[38;2;208;141;108m[48;2;193;136;107m▀[38;2;208;141;108m[48;2;193;136;107m▀[38;2;208;141;108m[48;2;193;136;107m▀[38;2;208;141;108m[48;2;193;136;107m▀[38;2;208;141;108m[48;2;193;136;107m▀[38;2;208;141;108m[48;2;193;136;107m▀[38;2;208;141;108m[48;2;193;136;107m▀[38;2;208;141;108m[48;2;193;136;107m▀[38;2;208;141;108m[48;2;193;136;107m▀[38;2;208;141;108m[48;2;193;136;107m▀[38;2;208;141;108m[48;2;193;136;107m▀[38;2;208;141;108m[48;2;193;136;107m▀[38;2;208;141;108m[48;2;193;136;107m▀[38;2;208;141;108m[48;2;193;136;107m▀[38;2;208;141;108m[48;2;193;136;107m▀[38;2;208;141;108m[48;2;193;136;107m▀[38;2;208;141;108m[48;2;193;136;107m▀[0m
[38;2;179;131;107m[48;2;164;126;106m▀[38;2;179;131;107m[48;2;164;126;106m▀[38;2;179;131;107m[48;2;164;126;106m▀[38;2;179;131;107m[48;2;164;126;106m▀[38;2;179;131;107m[48;2;164;126;106m▀[38;2;179;131;107m[48;2;164;126;106m▀[38;2;179;131;107m[48;2;164;126;106m▀[38;2;179;131;107m[48;2;164;126;106m▀[38;2;179;131;107m[48;2;164;126;106m▀[38;2;179;131;107m[48;2;164;126;106m▀[38;2;179;131;107m[48;2;164;126;106m▀[38;2;179;131;107m[48;2;164;126;106m▀[38;2;179;131;107m[48;2;164;126;106m▀[38;2;179;131;107m[48;2;164;126;106m▀[38;2;179;131;107m[48;2;164;126;106m▀[38;2;179;131;107m[48;2;164;126;106m▀[38;2;179;131;107m[48;2;164;126;106m▀[38;2;179;131;107m[48;2;164;126;106m▀[38;2;179;131;107m[48;2;164;126;106m▀[38;2;179;131;107m[48;2;164;126;106m▀[38;2;179;131;107m[48;2;164;126;106m▀[38;2;179;131;107m[48;2;164;126;106m▀[38;2;179;131;107m[48;2;164;126;106m▀[38;2;179;131;107m[48;2;164;126;106m▀[38;2;179;131;107m[48;2;164;126;106m▀[38;2;179;131;107m[48;2;164;126;106m▀[38;2;179;131;107m[48;2;164;126;106m▀[38;2;179;131;107m[48;2;164;126;106m▀[38;2;179;131;107m[48;2;164;126;106m▀[38;2;179;131;107m[48;2;164;126;106m▀[38;2;179;131;107m[48;2;164;126;106m▀[38;2;179;131;107m[48;2;164;126;106m▀[38;2;179;131;107m[48;2;164;126;106m▀[38;2;179;131;107m[48;2;164;126;106m▀[38;2;179;131;107m[48;2;164;126;106m▀[38;2;179;131;107m[48;2;164;126;106m▀[38;2;179;131;107m[48;2;164;126;106m▀[38;2;179;131;107m[48;2;164;126;106m▀[38;2;179;131;107m[48;2;164;126;106m▀[38;2;179;131;107m[48;2;164;126;106m▀[38;2;179;131;107m[48;2;164;126;106m▀[38;2;179;131;107m[48;2;164;126;106m▀[38;2;179;131;107m[48;2;164;126;106m▀[38;2;179;131;107m[48;2;164;126;106m▀[38;2;179;131;107m[48;2;164;126;106m▀[38;2;179;131;107m[48;2;164;126;106m▀[38;2;179;131;107m[48;2;164;126;106m▀[38;2;179;131;107m[48;2;164;126;106m▀[38;2;179;131;107m[48;2;164;126;106m▀[38;2;179;131;107m[48;2;164;126;106m▀[38;2;179;131;107m[48;2;164;126;106m▀[38;2;179;131;107m[48;2;164;126;106m▀[38;2;179;131;107m[48;2;164;126;106m▀[38;2;179;131;107m[48;2;164;126;106m▀[38;2;179;131;107m[48;2;164;126;106m▀[38;2;179;131;107m[48;2;164;126;106m▀[38;2;179;131;107m[48;2;164;126;106m▀[38;2;179;131;107m[48;2;164;126;106m▀[38;2;179;131;107m[48;2;164;126;106m▀[38;2;179;131;107m[48;2;164;126;106m▀[38;2;179;131;107m[48;2;164;126;106m▀[38;2;179;131;107m[48;2;164;126;106m▀[38;2;179;131;107m[48;2;164;126;106m▀[38;2;179;131;107m[48;2;164;126;106m▀[38;2;179;131;107m[48;2;164;126;106m▀[38;2;179;131;107m[48;2;164;126;106m▀[38;2;179;131;107m[48;2;164;126;106m▀[38;2;179;131;107m[48;2;164;126;106m▀[38;2;179;131;107m[48;2;164;126;106m▀[38;2;179;131;107m[48;2;164;126;106m▀[38;2;179;131;107m[48;2;164;126;106m▀[38;2;179;131;107m[48;2;164;126;106m▀[38;2;179;131;107m[48;2;164;126;106m▀[38;2;179;131;107m[48;2;164;126;106m▀[38;2;179;131;107m[48;2;164;126;106m▀[38;2;179;131;107m[48;2;164;126;106m▀[38;2;179;131;107m[48;2;164;126;106m▀[38;2;179;131;107m[48;2;164;126;106m▀[38;2;179;131;107m[48;2;164;126;106m▀[38;2;179;131;107m[48;2;164;126;106m▀[0m
[38;2;149;121;105m[48;2;135;115;104m▀[38;2;149;121;105m[48;2;135;115;104m▀[38;2;149;121;105m[48;2;135;115;104m▀[38;2;149;121;105m[48;2;135;115;104m▀[38;2;149;121;105m[48;2;135;115;104m▀[38;2;149;121;105m[48;2;135;115;104m▀[38;2;149;121;105m[48;2;135;115;104m▀[38;2;149;121;105m[48;2;135;115;104m▀[38;2;149;121;105m[48;2;135;115;104m▀[38;2;149;121;105m[48;2;135;115;104m▀[38;2;149;121;105m[48;2;135;115;104m▀[38;2;149;121;105m[48;2;135;115;104m▀[38;2;149;121;105m[48;2;135;115;104m▀[38;2;149;121;105m[48;2;135;115;104m▀[38;2;149;121;105m[48;2;135;115;104m▀[38;2;149;121;105m[48;2;135;115;104m▀[38;2;149;121;105m[48;2;135;115;104m▀[38;2;149;121;105m[48;2;135;115;104m▀[38;2;149;121;105m[48;2;135;115;104m▀[38;2;177;149;123m[48;2;135;115;104m▀[38;2;177;149;123m[48;2;135;115;104m▀[38;2;177;149;123m[48;2;135;115;104m▀[38;2;177;149;123m[48;2;135;115;104m▀[38;2;177;149;123m[48;2;135;115;104m▀[38;2;177;149;123m[48;2;135;115;104m▀[38;2;177;149;123m[48;2;135;115;104m▀[38;2;177;149;123m[48;2;135;115;104m▀[38;2;177;149;123m[48;2;135;115;104m▀[38;2;149;121;105m[48;2;135;115;104m▀[38;2;149;121;105m[48;2;135;115;104m▀[38;2;149;121;105m[48;2;135;115;104m▀[38;2;149;121;105m[48;2;135;115;104m▀[38;2;149;121;105m[48;2;135;115;104m▀[38;2;149;121;105m[48;2;135;115;104m▀[38;2;149;121;105m[48;2;135;115;104m▀[38;2;149;121;105m[48;2;135;115;104m▀[38;2;149;121;105m[48;2;135;115;104m▀[38;2;149;121;105m[48;2;135;115;104m▀[38;2;149;121;105m[48;2;135;115;104m▀[38;2;149;121;105m[48;2;135;115;104m▀[38;2;149;121;105m[48;2;135;115;104m▀[38;2;149;121;105m[48;2;135;115;104m▀[38;2;149;121;105m[48;2;135;115;104m▀[38;2;149;121;105m[48;2;135;115;104m▀[38;2;149;121;105m[48;2;135;115;104m▀[38;2;149;121;105m[48;2;135;115;104m▀[38;2;149;121;105m[48;2;135;115;104m▀[38;2;149;121;105m[48;2;135;115;104m▀[38;2;149;121;105m[48;2;135;115;104m▀[38;2;149;121;105m[48;2;135;115;104m▀[38;2;149;121;105m[48;2;135;115;104m▀[38;2;149;121;105m[48;2;135;115;104m▀[38;2;149;121;105m[48;2;135;115;104m▀[38;2;149;121;105m[48;2;135;115;104m▀[38;2;149;121;105m[48;2;135;115;104m▀[38;2;149;121;105m[48;2;135;115;104m▀[38;2;149;121;105m[48;2;135;115;104m▀[38;2;149;121;105m[48;2;135;115;104m▀[38;2;149;121;105m[48;2;135;115;104m▀[38;2;149;121;105m[48;2;135;115;104m▀[38;2;149;121;105m[48;2;135;115;104m▀[38;2;149;121;105m[48;2;135;115;104m▀[38;2;149;121;105m[48;2;135;115;104m▀[38;2;149;121;105m[48;2;135;115;104m▀[38;2;149;121;105m[48;2;135;115;104m▀[38;2;149;121;105m[48;2;135;115;104m▀[38;2;149;121;105m[48;2;135;115;104m▀[38;2;149;121;105m[48;2;135;115;104m▀[38;2;149;121;105m[48;2;135;115;104m▀[38;2;149;121;105m[48;2;135;115;104m▀[38;2;149;121;105m[48;2;135;115;104m▀[38;2;149;121;105m[48;2;135;115;104m▀[38;2;149;121;105m[48;2;135;115;104m▀[38;2;149;121;105m[48;2;135;115;104m▀[38;2;149;121;105m[48;2;135;115;104m▀[38;2;149;121;105m[48;2;135;115;104m▀[38;2;149;121;105m[48;2;135;115;104m▀[38;2;149;121;105m[48;2;135;115;104m▀[38;2;149;121;105m[48;2;135;115;104m▀[38;2;149;121;105m[48;2;135;115;104m▀[0m
[38;2;120;110;103m[48;2;106;105;102m▀[38;2;120;110;103m[48;2;106;105;102m▀[38;2;120;110;103m[48;2;106;105;102m▀[38;2;120;110;103m[48;2;106;105;102m▀[38;2;120;110;103m[48;2;106;105;102m▀[38;2;120;110;103m[48;2;106;105;102m▀[38;2;120;110;103m[48;2;106;105;102m▀[38;2;120;110;103m[48;2;106;105;102m▀[38;2;120;110;103m[48;2;106;105;102m▀[38;2;120;110;103m[48;2;106;105;102m▀[38;2;120;110;103m[48;2;106;105;102m▀[38;2;120;110;103m[48;2;106;105;102m▀[38;2;120;110;103m[48;2;106;105;102m▀[38;2;120;110;103m[48;2;106;105;102m▀[38;2;120;110;103m[48;2;106;105;102m▀[38;2;120;110;103m[48;2;106;105;102m▀[38;2;120;110;103m[48;2;106;105;102m▀[38;2;120;110;103m[48;2;106;105;102m▀[38;2;120;110;103m[48;2;106;105;102m▀[38;2;120;110;103m[48;2;129;124;113m▀[38;2;120;110;103m[48;2;129;124;113m▀[38;2;120;110;103m[48;2;129;124;113m▀[38;2;120;110;103m[48;2;129;124;113m▀[38;2;120;110;103m[48;2;129;124;113m▀[38;2;120;110;103m[48;2;129;124;113m▀[38;2;120;110;103m[48;2;129;124;113m▀[38;2;120;110;103m[48;2;129;124;113m▀[38;2;120;110;103m[48;2;129;124;113m▀[38;2;120;110;103m[48;2;129;124;113m▀[38;2;120;110;103m[48;2;129;124;113m▀[38;2;120;110;103m[48;2;106;105;102m▀[38;2;120;110;103m[48;2;106;105;102m▀[38;2;120;110;103m[48;2;106;105;102m▀[38;2;120;110;103m[48;2;106;105;102m▀[38;2;120;110;103m[48;2;106;105;102m▀[38;2;120;110;103m[48;2;106;105;102m▀[38;2;120;110;103m[48;2;106;105;102m▀[38;2;120;110;103m[48;2;106;105;102m▀[38;2;120;110;103m[48;2;106;105;102m▀[38;2;120;110;103m[48;2;106;105;102m▀[38;2;120;110;103m[48;2;106;105;102m▀[38;2;120;110;103m[48;2;106;105;102m▀[38;2;120;110;103m[48;2;106;105;102m▀[38;2;120;110;103m[48;2;106;105;102m▀[38;2;120;110;103m[48;2;106;105;102m▀[38;2;120;110;103m[48;2;106;105;102m▀[38;2;120;110;103m[48;2;106;105;102m▀[38;2;120;110;103m[48;2;106;105;102m▀[38;2;120;110;103m[48;2;106;105;102m▀[38;2;120;110;103m[48;2;106;105;102m▀[38;2;120;110;103m[48;2;106;105;102m▀[38;2;120;110;103m[48;2;106;105;102m▀[38;2;120;110;103m[48;2;106;105;102m▀[38;2;120;110;103m[48;2;106;105;102m▀[38;2;120;110;103m[48;2;106;105;102m▀[38;2;120;110;103m[48;2;106;105;102m▀[38;2;120;110;103m[48;2;106;105;102m▀[38;2;120;110;103m[48;2;106;105;102m▀[38;2;120;110;103m[48;2;106;105;102m▀[38;2;120;110;103m[48;2;106;105;102m▀[38;2;120;110;103m[48;2;106;105;102m▀[38;2;120;110;103m[48;2;106;105;102m▀[38;2;120;110;103m[48;2;106;105;102m▀[38;2;120;110;103m[48;2;106;105;102m▀[38;2;120;110;103m[48;2;106;105;102m▀[38;2;120;110;103m[48;2;106;105;102m▀[38;2;120;110;103m[48;2;106;105;102m▀[38;2;120;110;103m[48;2;106;105;102m▀[38;2;120;110;103m[48;2;106;105;102m▀[38;2;120;110;103m[48;2;106;105;102m▀[38;2;120;110;103m[48;2;106;105;102m▀[38;2;120;110;103m[48;2;106;105;102m▀[38;2;120;110;103m[48;2;106;105;102m▀[38;2;120;110;103m[48;2;106;105;102m▀[38;2;120;110;103m[48;2;106;105;102m▀[38;2;120;110;103m[48;2;106;105;102m▀[38;2;120;110;103m[48;2;106;105;102m▀[38;2;120;110;103m[48;2;106;105;102m▀[38;2;120;110;103m[48;2;106;105;102m▀[38;2;120;110;103m[48;2;106;105;102m▀[0m
[38;2;91;100;101m[48;2;76;95;100m▀[38;2;91;100;101m[48;2;76;95;100m▀[38;2;91;100;101m[48;2;76;95;100m▀[38;2;91;100;101m[48;2;76;95;100m▀[38;2;91;100;101m[48;2;76;95;100m▀[38;2;91;100;101m[48;2;76;95;100m▀[38;2;91;100;101m[48;2;76;95;100m▀[38;2;91;100;101m[48;2;76;95;100m▀[38;2;91;100;101m[48;2;76;95;100m▀[38;2;91;100;101m[48;2;76;95;100m▀[38;2;91;100;101m[48;2;76;95;100m▀[38;2;91;100;101m[48;2;76;95;100m▀[38;2;91;100;101m[48;2;76;95;100m▀[38;2;91;100;101m[48;2;76;95;100m▀[38;2;91;100;101m[48;2;76;95;100m▀[38;2;91;100;101m[48;2;76;95;100m▀[38;2;91;100;101m[48;2;76;95;100m▀[38;2;91;100;101m[48;2;76;95;100m▀[38;2;91;100;101m[48;2;76;95;100m▀[38;2;91;100;101m[48;2;76;95;100m▀[38;2;91;100;101m[48;2;76;95;100m▀[38;2;91;100;101m[48;2;76;95;100m▀[38;2;91;100;101m[48;2;76;95;100m▀[38;2;91;100;101m[48;2;76;95;100m▀[38;2;91;100;101m[48;2;76;95;100m▀[38;2;91;100;101m[48;2;76;95;100m▀[38;2;91;100;101m[48;2;76;95;100m▀[38;2;91;100;101m[48;2;76;95;100m▀[38;2;91;100;101m[48;2;76;95;100m▀[38;2;91;100;101m[48;2;76;95;100m▀[38;2;91;100;101m[48;2;76;95;100m▀[38;2;91;100;101m[48;2;76;95;100m▀[38;2;91;100;101m[48;2;76;95;100m▀[38;2;91;100;101m[48;2;76;95;100m▀[38;2;91;100;101m[48;2;76;95;100m▀[38;2;91;100;101m[48;2;76;95;100m▀[38;2;91;100;101m[48;2;76;95;100m▀[38;2;91;100;101m[48;2;76;95;100m▀[38;2;91;100;101m[48;2;76;95;100m▀[38;2;91;100;101m[48;2;76;95;100m▀[38;2;91;100;101m[48;2;76;95;100m▀[38;2;91;100;101m[48;2;76;95;100m▀[38;2;91;100;101m[48;2;76;95;100m▀[38;2;91;100;101m[48;2;76;95;100m▀[38;2;91;100;101m[48;2;76;95;100m▀[38;2;91;100;101m[48;2;76;95;100m▀[38;2;91;100;101m[48;2;76;95;100m▀[38;2;91;100;101m[48;2;76;95;100m▀[38;2;91;100;101m[48;2;76;95;100m▀[38;2;91;100;101m[48;2;76;95;100m▀[38;2;91;100;101m[48;2;76;95;100m▀[38;2;91;100;101m[48;2;76;95;100m▀[38;2;91;100;101m[48;2;76;95;100m▀[38;2;91;100;101m[48;2;76;95;100m▀[38;2;91;100;101m[48;2;76;95;100m▀[38;2;91;100;101m[48;2;76;95;100m▀[38;2;91;100;101m[48;2;76;95;100m▀[38;2;91;100;101m[48;2;76;95;100m▀[38;2;91;100;101m[48;2;76;95;100m▀[38;2;91;100;101m[48;2;76;95;100m▀[38;2;91;100;101m[48;2;76;95;100m▀[38;2;91;100;101m[48;2;76;95;100m▀[38;2;91;100;101m[48;2;76;95;100m▀[38;2;91;100;101m[48;2;76;95;100m▀[38;2;91;100;101m[48;2;76;95;100m▀[38;2;91;100;101m[48;2;76;95;100m▀[38;2;91;100;101m[48;2;76;95;100m▀[38;2;91;100;101m[48;2;76;95;100m▀[38;2;91;100;101m[48;2;76;95;100m▀[38;2;91;100;101m[48;2;76;95;100m▀[38;2;91;100;101m[48;2;76;95;100m▀[38;2;91;100;101m[48;2;76;95;100m▀[38;2;91;100;101m[48;2;76;95;100m▀[38;2;91;100;101m[48;2;76;95;100m▀[38;2;91;100;101m[48;2;76;95;100m▀[38;2;91;100;101m[48;2;76;95;100m▀[38;2;91;100;101m[48;2;76;95;100m▀[38;2;91;100;101m[48;2;76;95;100m▀[38;2;91;100;101m[48;2;76;95;100m▀[38;2;91;100;101m[48;2;76;95;100m▀[0m
[38;2;62;89;99m[48;2;47;84;98m▀[38;2;62;89;99m[48;2;47;84;98m▀[38;2;62;89;99m[48;2;47;84;98m▀[38;2;62;89;99m[48;2;47;84;98m▀[38;2;62;89;99m[48;2;47;84;98m▀[38;2;62;89;99m[48;2;47;84;98m▀[38;2;62;89;99m[48;2;47;84;98m▀[38;2;62;89;99m[48;2;47;84;98m▀[38;2;62;89;99m[48;2;47;84;98m▀[38;2;62;89;99m[48;2;47;84;98m▀[38;2;62;89;99m[48;2;47;84;98m▀[38;2;62;89;99m[48;2;47;84;98m▀[38;2;62;89;99m[48;2;47;84;98m▀[38;2;62;89;99m[48;2;47;84;98m▀[38;2;62;89;99m[48;2;47;84;98m▀[38;2;62;89;99m[48;2;47;84;98m▀[38;2;62;89;99m[48;2;47;84;98m▀[38;2;62;89;99m[48;2;47;84;98m▀[38;2;74;98;104m[48;2;47;84;98m▀[38;2;74;98;104m[48;2;47;84;98m▀[38;2;74;98;104m[48;2;47;84;98m▀[38;2;74;98;104m[48;2;47;84;98m▀[38;2;74;98;104m[48;2;47;84;98m▀[38;2;74;98;104m[48;2;47;84;98m▀[38;2;74;98;104m[48;2;47;84;98m▀[38;2;74;98;104m[48;2;47;84;98m▀[38;2;74;98;104m[48;2;47;84;98m▀[38;2;74;98;104m[48;2;47;84;98m▀[38;2;74;98;104m[48;2;47;84;98m▀[38;2;74;98;104m[48;2;47;84;98m▀[38;2;74;98;104m[48;2;47;84;98m▀[38;2;62;89;99m[48;2;47;84;98m▀[38;2;62;89;99m[48;2;47;84;98m▀[38;2;62;89;99m[48;2;47;84;98m▀[38;2;62;89;99m[48;2;47;84;98m▀[38;2;62;89;99m[48;2;47;84;98m▀[38;2;62;89;99m[48;2;47;84;98m▀[38;2;62;89;99m[48;2;47;84;98m▀[38;2;62;89;99m[48;2;47;84;98m▀[38;2;62;89;99m[48;2;47;84;98m▀[38;2;62;89;99m[48;2;47;84;98m▀[38;2;62;89;99m[48;2;47;84;98m▀[38;2;62;89;99m[48;2;47;84;98m▀[38;2;62;89;99m[48;2;47;84;98m▀[38;2;62;89;99m[48;2;47;84;98m▀[38;2;62;89;99m[48;2;47;84;98m▀[38;2;62;89;99m[48;2;47;84;98m▀[38;2;62;89;99m[48;2;47;84;98m▀[38;2;62;89;99m[48;2;47;84;98m▀[38;2;62;89;99m[48;2;47;84;98m▀[38;2;62;89;99m[48;2;47;84;98m▀[38;2;62;89;99m[48;2;47;84;98m▀[38;2;62;89;99m[48;2;47;84;98m▀[38;2;62;89;99m[48;2;47;84;98m▀[38;2;62;89;99m[48;2;47;84;98m▀[38;2;62;89;99m[48;2;47;84;98m▀[38;2;62;89;99m[48;2;47;84;98m▀[38;2;62;89;99m[48;2;47;84;98m▀[38;2;62;89;99m[48;2;47;84;98m▀[38;2;62;89;99m[48;2;47;84;98m▀[38;2;62;89;99m[48;2;47;84;98m▀[38;2;62;89;99m[48;2;47;84;98m▀[38;2;62;89;99m[48;2;47;84;98m▀[38;2;62;89;99m[48;2;47;84;98m▀[38;2;62;89;99m[48;2;47;84;98m▀[38;2;62;89;99m[48;2;47;84;98m▀[38;2;62;89;99m[48;2;47;84;98m▀[38;2;62;89;99m[48;2;47;84;98m▀[38;2;62;89;99m[48;2;47;84;98m▀[38;2;62;89;99m[48;2;47;84;98m▀[38;2;62;89;99m[48;2;47;84;98m▀[38;2;62;89;99m[48;2;47;84;98m▀[38;2;62;89;99m[48;2;47;84;98m▀[38;2;62;89;99m[48;2;47;84;98m▀[38;2;62;89;99m[48;2;47;84;98m▀[38;2;62;89;99m[48;2;47;84;98m▀[38;2;62;89;99m[48;2;47;84;98m▀[38;2;62;89;99m[48;2;47;84;98m▀[38;2;62;89;99m[48;2;47;84;98m▀[38;2;62;89;99m[48;2;47;84;98m▀[0m
[38;2;32;79;97m[48;2;150;120;92m▀[38;2;32;79;97m[48;2;150;120;92m▀[38;2;32;79;97m[48;2;150;120;92m▀[38;2;32;79;97m[48;2;150;120;92m▀[38;2;32;79;97m[48;2;150;120;92m▀[38;2;32;79;97m[48;2;150;120;92m▀[38;2;32;79;97m[48;2;150;120;92m▀[38;2;32;79;97m[48;2;150;120;92m▀[38;2;32;79;97m[48;2;150;120;92m▀[38;2;32;79;97m[48;2;150;120;92m▀[38;2;32;79;97m[48;2;150;120;92m▀[38;2;32;79;97m[48;2;150;120;92m▀[38;2;32;79;97m[48;2;150;120;92m▀[38;2;32;79;97m[48;2;150;120;92m▀[38;2;32;79;97m[48;2;150;120;92m▀[38;2;32;79;97m[48;2;150;120;92m▀[38;2;32;79;97m[48;2;150;120;92m▀[38;2;32;79;97m[48;2;150;120;92m▀[38;2;32;79;97m[48;2;150;120;92m▀[38;2;32;79;97m[48;2;150;120;92m▀[38;2;32;79;97m[48;2;150;120;92m▀[38;2;32;79;97m[48;2;150;120;92m▀[38;2;32;79;97m[48;2;150;120;92m▀[38;2;32;79;97m[48;2;150;120;92m▀[38;2;32;79;97m[48;2;150;120;92m▀[38;2;32;79;97m[48;2;150;120;92m▀[38;2;32;79;97m[48;2;150;120;92m▀[38;2;32;79;97m[48;2;150;120;92m▀[38;2;32;79;97m[48;2;150;120;92m▀[38;2;32;79;97m[48;2;150;120;92m▀[38;2;32;79;97m[48;2;150;120;92m▀[38;2;32;79;97m[48;2;150;120;92m▀[38;2;32;79;97m[48;2;150;120;92m▀[38;2;32;79;97m[48;2;150;120;92m▀[38;2;32;79;97m[48;2;150;120;92m▀[38;2;32;79;97m[48;2;150;120;92m▀[38;2;32;79;97m[48;2;150;120;92m▀[38;2;32;79;97m[48;2;150;120;92m▀[38;2;32;79;97m[48;2;150;120;92m▀[38;2;32;79;97m[48;2;150;120;92m▀[38;2;32;79;97m[48;2;150;120;92m▀[38;2;32;79;97m[48;2;150;120;92m▀[38;2;32;79;97m[48;2;150;120;92m▀[38;2;32;79;97m[48;2;150;120;92m▀[38;2;32;79;97m[48;2;150;120;92m▀[38;2;32;79;97m[48;2;150;120;92m▀[38;2;32;79;97m[48;2;150;120;92m▀[38;2;32;79;97m[48;2;150;120;92m▀[38;2;32;79;97m[48;2;150;120;92m▀[38;2;32;79;97m[48;2;150;120;92m▀[38;2;32;79;97m[48;2;150;120;92m▀[38;2;32;79;97m[48;2;150;120;92m▀[38;2;32;79;97m[48;2;150;120;92m▀[38;2;32;79;97m[48;2;150;120;92m▀[38;2;32;79;97m[48;2;150;120;92m▀[38;2;32;79;97m[48;2;150;120;92m▀[38;2;32;79;97m[48;2;150;120;92m▀[38;2;32;79;97m[48;2;150;120;92m▀[38;2;32;79;97m[48;2;150;120;92m▀[38;2;32;79;97m[48;2;150;120;92m▀[38;2;32;79;97m[48;2;150;120;92m▀[38;2;32;79;97m[48;2;150;120;92m▀[38;2;32;79;97m[48;2;150;120;92m▀[38;2;32;79;97m[48;2;150;120;92m▀[38;2;32;79;97m[48;2;150;120;92m▀[38;2;32;79;97m[48;2;150;120;92m▀[38;2;32;79;97m[48;2;150;120;92m▀[38;2;32;79;97m[48;2;150;120;92m▀[38;2;32;79;97m[48;2;150;120;92m▀[38;2;32;79;97m[48;2;150;120;92m▀[38;2;32;79;97m[48;2;150;120;92m▀[38;2;32;79;97m[48;2;150;120;92m▀[38;2;32;79;97m[48;2;150;120;92m▀[38;2;32;79;97m[48;2;150;120;92m▀[38;2;32;79;97m[48;2;150;120;92m▀[38;2;32;79;97m[48;2;150;120;92m▀[38;2;32;79;97m[48;2;150;120;92m▀[38;2;32;79;97m[48;2;150;120;92m▀[38;2;32;79;97m[48;2;150;120;92m▀[38;2;32;79;97m[48;2;150;120;92m▀[0m
[38;2;161;132;102m[48;2;171;143;111m▀[38;2;161;132;102m[48;2;171;143;111m▀[38;2;161;132;102m[48;2;171;143;111m▀[38;2;161;132;102m[48;2;171;143;111m▀[38;2;161;132;102m[48;2;171;143;111m▀[38;2;161;132;102m[48;2;171;143;111m▀[38;2;161;132;102m[48;2;171;143;111m▀[38;2;161;132;102m[48;2;171;143;111m▀[38;2;161;132;102m[48;2;171;143;111m▀[38;2;161;132;102m[48;2;171;143;111m▀[38;2;161;132;102m[48;2;171;143;111m▀[38;2;161;132;102m[48;2;171;143;111m▀[38;2;161;132;102m[48;2;171;143;111m▀[38;2;161;132;102m[48;2;171;143;111m▀[38;2;161;132;102m[48;2;171;143;111m▀[38;2;161;132;102m[48;2;171;143;111m▀[38;2;161;132;102m[48;2;171;143;111m▀[38;2;161;132;102m[48;2;171;143;111m▀[38;2;161;132;102m[48;2;171;143;111m▀[38;2;161;132;102m[48;2;171;143;111m▀[38;2;161;132;102m[48;2;171;143;111m▀[38;2;161;132;102m[48;2;171;143;111m▀[38;2;161;132;102m[48;2;171;143;111m▀[38;2;161;132;102m[48;2;171;143;111m▀[38;2;161;132;102m[48;2;171;143;111m▀[38;2;161;132;102m[48;2;171;143;111m▀[38;2;161;132;102m[48;2;171;143;111m▀[38;2;161;132;102m[48;2;171;143;111m▀[38;2;161;132;102m[48;2;171;143;111m▀[38;2;161;132;102m[48;2;171;143;111m▀[38;2;161;132;102m[48;2;171;143;111m▀[38;2;161;132;102m[48;2;171;143;111m▀[38;2;161;132;102m[48;2;171;143;111m▀[38;2;161;132;102m[48;2;171;143;111m▀[38;2;161;132;102m[48;2;171;143;111m▀[38;2;161;132;102m[48;2;171;143;111m▀[38;2;161;132;102m[48;2;171;143;111m▀[38;2;161;132;102m[48;2;171;143;111m▀[38;2;161;132;102m[48;2;171;143;111m▀[38;2;161;132;102m[48;2;171;143;111m▀[38;2;161;132;102m[48;2;171;143;111m▀[38;2;161;132;102m[48;2;171;143;111m▀[38;2;161;132;102m[48;2;171;143;111m▀[38;2;161;132;102m[48;2;171;143;111m▀[38;2;161;132;102m[48;2;171;143;111m▀[38;2;161;132;102m[48;2;171;143;111m▀[38;2;161;132;102m[48;2;171;143;111m▀[38;2;161;132;102m[48;2;171;143;111m▀[38;2;161;132;102m[48;2;171;143;111m▀[38;2;161;132;102m[48;2;171;143;111m▀[38;2;161;132;102m[48;2;171;143;111m▀[38;2;161;132;102m[48;2;171;143;111m▀[38;2;161;132;102m[48;2;171;143;111m▀[38;2;161;132;102m[48;2;171;143;111m▀[38;2;161;132;102m[48;2;171;143;111m▀[38;2;161;132;102m[48;2;171;143;111m▀[38;2;161;132;102m[48;2;171;143;111m▀[38;2;161;132;102m[48;2;171;143;111m▀[38;2;161;132;102m[48;2;171;143;111m▀[38;2;161;132;102m[48;2;171;143;111m▀[38;2;161;132;102m[48;2;171;143;111m▀[38;2;161;132;102m[48;2;171;143;111m▀[38;2;161;132;102m[48;2;171;143;111m▀[38;2;161;132;102m[48;2;171;143;111m▀[38;2;161;132;102m[48;2;171;143;111m▀[38;2;161;132;102m[48;2;171;143;111m▀[38;2;161;132;102m[48;2;171;143;111m▀[38;2;161;132;102m[48;2;171;143;111m▀[38;2;161;132;102m[48;2;171;143;111m▀[38;2;161;132;102m[48;2;171;143;111m▀[38;2;161;132;102m[48;2;171;143;111m▀[38;2;161;132;102m[48;2;171;143;111m▀[38;2;161;132;102m[48;2;171;143;111m▀[38;2;161;132;102m[48;2;171;143;111m▀[38;2;161;132;102m[48;2;171;143;111m▀[38;2;161;132;102m[48;2;171;143;111m▀[38;2;161;132;102m[48;2;171;143;111m▀[38;2;161;132;102m[48;2;171;143;111m▀[38;2;161;132;102m[48;2;171;143;111m▀[38;2;161;132;102m[48;2;171;143;111m▀[0m
[38;2;182;155;121m[48;2;193;167;131m▀[38;2;182;155;121m[48;2;193;167;131m▀[38;2;182;155;121m[48;2;193;167;131m▀[38;2;182;155;121m[48;2;193;167;131m▀[38;2;182;155;121m[48;2;193;167;131m▀[38;2;182;155;121m[48;2;193;167;131m▀[38;2;182;155;121m[48;2;193;167;131m▀[38;2;182;155;121m[48;2;193;167;131m▀[38;2;182;155;121m[48;2;193;167;131m▀[38;2;182;155;121m[48;2;193;167;131m▀[38;2;182;155;121m[48;2;193;167;131m▀[38;2;182;155;121m[48;2;193;167;131m▀[38;2;182;155;121m[48;2;193;167;131m▀[38;2;182;155;121m[48;2;193;167;131m▀[38;2;182;155;121m[48;2;193;167;131m▀[38;2;182;155;121m[48;2;193;167;131m▀[38;2;182;155;121m[48;2;193;167;131m▀[38;2;182;155;121m[48;2;193;167;131m▀[38;2;182;155;121m[48;2;193;167;131m▀[38;2;182;155;121m[48;2;193;167;131m▀[38;2;182;155;121m[48;2;193;167;131m▀[38;2;182;155;121m[48;2;193;167;131m▀[38;2;182;155;121m[48;2;193;167;131m▀[38;2;182;155;121m[48;2;193;167;131m▀[38;2;182;155;121m[48;2;193;167;131m▀[38;2;182;155;121m[48;2;193;167;131m▀[38;2;182;155;121m[48;2;193;167;131m▀[38;2;182;155;121m[48;2;193;167;131m▀[38;2;182;155;121m[48;2;193;167;131m▀[38;2;182;155;121m[48;2;193;167;131m▀[38;2;182;155;121m[48;2;193;167;131m▀[38;2;182;155;121m[48;2;193;167;131m▀[38;2;182;155;121m[48;2;193;167;131m▀[38;2;182;155;121m[48;2;193;167;131m▀[38;2;182;155;121m[48;2;193;167;131m▀[38;2;182;155;121m[48;2;193;167;131m▀[38;2;182;155;121m[48;2;193;167;131m▀[38;2;182;155;121m[48;2;193;167;131m▀[38;2;182;155;121m[48;2;193;167;131m▀[38;2;182;155;121m[48;2;193;167;131m▀[38;2;182;155;121m[48;2;193;167;131m▀[38;2;182;155;121m[48;2;193;167;131m▀[38;2;182;155;121m[48;2;193;167;131m▀[38;2;182;155;121m[48;2;193;167;131m▀[38;2;182;155;121m[48;2;193;167;131m▀[38;2;182;155;121m[48;2;193;167;131m▀[38;2;182;155;121m[48;2;193;167;131m▀[38;2;182;155;121m[48;2;193;167;131m▀[38;2;182;155;121m[48;2;193;167;131m▀[38;2;182;155;121m[48;2;193;167;131m▀[38;2;182;155;121m[48;2;193;167;131m▀[38;2;182;155;121m[48;2;193;167;131m▀[38;2;182;155;121m[48;2;193;167;131m▀[38;2;182;155;121m[48;2;193;167;131m▀[38;2;182;155;121m[48;2;193;167;131m▀[38;2;182;155;121m[48;2;193;167;131m▀[38;2;182;155;121m[48;2;193;167;131m▀[38;2;182;155;121m[48;2;193;167;131m▀[38;2;182;155;121m[48;2;193;167;131m▀[38;2;182;155;121m[48;2;193;167;131m▀[38;2;182;155;121m[48;2;193;167;131m▀[38;2;182;155;121m[48;2;193;167;131m▀[38;2;182;155;121m[48;2;193;167;131m▀[38;2;182;155;121m[48;2;193;167;131m▀[38;2;182;155;121m[48;2;193;167;131m▀[38;2;182;155;121m[48;2;193;167;131m▀[38;2;182;155;121m[48;2;193;167;131m▀[38;2;182;155;121m[48;2;193;167;131m▀[38;2;182;155;121m[48;2;193;167;131m▀[38;2;182;155;121m[48;2;193;167;131m▀[38;2;182;155;121m[48;2;193;167;131m▀[38;2;182;155;121m[48;2;193;167;131m▀[38;2;182;155;121m[48;2;193;167;131m▀[38;2;182;155;121m[48;2;193;167;131m▀[38;2;182;155;121m[48;2;193;167;131m▀[38;2;182;155;121m[48;2;193;167;131m▀[38;2;182;155;121m[48;2;193;167;131m▀[38;2;182;155;121m[48;2;193;167;131m▀[38;2;182;155;121m[48;2;193;167;131m▀[38;2;182;155;121m[48;2;193;167;131m▀[0m
[38;2;203;178;140m[48;2;214;190;150m▀[38;2;203;178;140m[48;2;214;190;150m▀[38;2;203;178;140m[48;2;214;190;150m▀[38;2;203;178;140m[48;2;214;190;150m▀[38;2;203;178;140m[48;2;214;190;150m▀[38;2;203;178;140m[48;2;214;190;150m▀[38;2;203;178;140m[48;2;214;190;150m▀[38;2;203;178;140m[48;2;214;190;150m▀[38;2;203;178;140m[48;2;214;190;150m▀[38;2;203;178;140m[48;2;214;190;150m▀[38;2;203;178;140m[48;2;214;190;150m▀[38;2;203;178;140m[48;2;214;190;150m▀[38;2;203;178;140m[48;2;214;190;150m▀[38;2;203;178;140m[48;2;214;190;150m▀[38;2;203;178;140m[48;2;214;190;150m▀[38;2;203;178;140m[48;2;214;190;150m▀[38;2;203;178;140m[48;2;214;190;150m▀[38;2;203;178;140m[48;2;214;190;150m▀[38;2;203;178;140m[48;2;214;190;150m▀[38;2;203;178;140m[48;2;214;190;150m▀[38;2;203;178;140m[48;2;214;190;150m▀[38;2;203;178;140m[48;2;214;190;150m▀[38;2;203;178;140m[48;2;214;190;150m▀[38;2;203;178;140m[48;2;214;190;150m▀[38;2;203;178;140m[48;2;214;190;150m▀[38;2;203;178;140m[48;2;214;190;150m▀[38;2;203;178;140m[48;2;214;190;150m▀[38;2;203;178;140m[48;2;214;190;150m▀[38;2;203;178;140m[48;2;214;190;150m▀[38;2;203;178;140m[48;2;214;190;150m▀[38;2;203;178;140m[48;2;214;190;150m▀[38;2;203;178;140m[48;2;214;190;150m▀[38;2;203;178;140m[48;2;214;190;150m▀[38;2;203;178;140m[48;2;214;190;150m▀[38;2;203;178;140m[48;2;214;190;150m▀[38;2;203;178;140m[48;2;214;190;150m▀[38;2;203;178;140m[48;2;214;190;150m▀[38;2;203;178;140m[48;2;214;190;150m▀[38;2;203;178;140m[48;2;214;190;150m▀[38;2;203;178;140m[48;2;214;190;150m▀[38;2;203;178;140m[48;2;214;190;150m▀[38;2;203;178;140m[48;2;214;190;150m▀[38;2;203;178;140m[48;2;214;190;150m▀[38;2;203;178;140m[48;2;214;190;150m▀[38;2;203;178;140m[48;2;214;190;150m▀[38;2;203;178;140m[48;2;214;190;150m▀[38;2;203;178;140m[48;2;214;190;150m▀[38;2;203;178;140m[48;2;214;190;150m▀[38;2;203;178;140m[48;2;214;190;150m▀[38;2;203;178;140m[48;2;214;190;150m▀[38;2;203;178;140m[48;2;214;190;150m▀[38;2;203;178;140m[48;2;214;190;150m▀[38;2;203;178;140m[48;2;214;190;150m▀[38;2;203;178;140m[48;2;214;190;150m▀[38;2;203;178;140m[48;2;214;190;150m▀[38;2;203;178;140m[48;2;214;190;150m▀[38;2;203;178;140m[48;2;214;190;150m▀[38;2;203;178;140m[48;2;214;190;150m▀[38;2;203;178;140m[48;2;214;190;150m▀[38;2;203;178;140m[48;2;214;190;150m▀[38;2;203;178;140m[48;2;214;190;150m▀[38;2;203;178;140m[48;2;214;190;150m▀[38;2;203;178;140m[48;2;214;190;150m▀[38;2;203;178;140m[48;2;214;190;150m▀[38;2;203;178;140m[48;2;214;190;150m▀[38;2;203;178;140m[48;2;214;190;150m▀[38;2;203;178;140m[48;2;214;190;150m▀[38;2;203;178;140m[48;2;214;190;150m▀[38;2;203;178;140m[48;2;214;190;150m▀[38;2;203;178;140m[48;2;214;190;150m▀[38;2;203;178;140m[48;2;214;190;150m▀[38;2;203;178;140m[48;2;214;190;150m▀[38;2;203;178;140m[48;2;214;190;150m▀[38;2;203;178;140m[48;2;214;190;150m▀[38;2;203;178;140m[48;2;214;190;150m▀[38;2;203;178;140m[48;2;214;190;150m▀[38;2;203;178;140m[48;2;214;190;150m▀[38;2;203;178;140m[48;2;214;190;150m▀[38;2;203;178;140m[48;2;214;190;150m▀[38;2;203;178;140m[48;2;214;190;150m▀[0m
